0.0
0.0
-0.012669421536516486
-0.07234844023865288
-0.21562171999398422
-0.4666778168320014
-0.8394552388809993
-1.3395995678272017
-1.9662157614629874
-2.713409787751142
-3.5716216333311817
-4.528757707736247
-5.571134977836552
-6.684252070893921
-7.853404096523545
-9.064158647814825
-10.302710837004222
-11.556135020848183
-12.81255033501478
-14.061216717170298
-15.292576970824955
-16.49825759274497
-17.67103827140446
-18.80479771378299
-19.894438405301955
-20.935790350339975
-21.925497266510206
-22.86089230366535
-23.739874685615796
-24.560808238650715
-25.32246694045598
-26.0240340794461
-26.665144033114338
-27.245950319565182
-27.767174426101896
-28.230079548869202
-28.636356276107687
-28.987939458439097
-29.286788266628896
-29.53467642664797
-29.73304557737414
-29.882947846281787
-29.985061965094967
-30.039760746126884
-30.04721549748282
-30.00752206937646
-29.920838849458026
-29.787528148595324
-29.608285168769445
-29.384228367916144
-29.116915566018005
-28.808273587071206
-28.460461305329478
-28.075692033390347
-27.656054561927697
-27.203372353979493
-26.719111948786306
-26.204337864779678
-25.659707747806312
-25.08549865836149
-24.481663010278847
-23.847912324566867
-23.183818411373785
-22.488928427390384
-21.762908144547552
-21.005737012061225
-20.217960623651674
-19.40097245458669
-18.557261885705955
-17.69041641133852
-16.804595156591102
-15.90344400497058
-14.98855458751157
-14.057817194100016
-13.10477328664816
-12.120263932348118
-11.096702860371435
-10.034212870894535
-8.947533211948377
-7.8714693787689916
-6.861803874298449
-5.990891012232974
-5.3391423296969664
-4.983999374959862
-4.989088861890667
-5.395968079588108
-6.219337743199782
-7.445698861742227
-9.034838533178332
-10.924765752065447
-13.041630922002948
-15.314417327482884
-17.69327796935677
-20.16861664712715
-22.783894682548453
-25.634981026522063
-28.854262877076096
-32.58308344801821
-36.93785885577973
-41.98125766966825
-47.713385571138815
-54.086647640228456
-61.039323191821474
-68.53938435502471
-76.621768842511
-85.4008792136823
-95.05194179164461
-105.76769944299886
-117.70067417004906
-130.91258159373461
-145.3588751000638
-160.9150050232453
-177.43529192452573
-194.82941328472558
-213.1282809904815
-232.50863983307184
-253.26530779500885
-275.7417468142314
-300.23528746377946
-326.9091758281752
-355.753052383738
-386.6030863101598
-419.2095772800771
-453.3325091559139
-488.83145904952846
-525.7136592074648
-564.1259544273321
-604.3010304986985
-646.4740790357583
-690.7953134598368
-737.2691218367365
-785.7283048060098
-835.8372519438906
-887.1193473120184
-939.0030996949885
-990.8834626154331
-1042.1938570082264
-1092.4835283220632
-1141.4939037832999
-1189.2105379944426
-1235.8622710698469
-1281.8632051814875
-1327.7104699810227
-1373.8592999412485
-1420.6102745210596
-1468.0494251898544
-1516.0582648377049
-1564.3802841980016
-1612.7224166138697
-1660.85506481975
-1708.6686255187867
-1756.172969775492
-1803.4494624281083
-1850.5738710816688
-1897.5388873355096
-1944.2092722198472
-1990.3240066232045
-2035.5365748922793
-2079.4788845852495
-2121.825986499994
-2162.336221159945
-2200.8583631118986
-2237.3107949984465
-2271.6423815134062
-2303.7894786354664
-2333.645852409642
-2361.0533968004534
-2385.81007498631
-2407.6892683676515
-2426.4631109872967
-2441.92156119304
-2453.883847623305
-2462.2029401836326
-2466.764812493617
-2467.484932124541
-2464.3044764247275
-2457.187543013751
-2446.119352156553
-2431.1051711969585
-2412.169527530601
-2389.355194033911
-2362.7217464650626
-2332.343766433682
-2298.308844360858
-2260.7155728299604
-2219.6717141662393
-2175.292627129964
-2127.699942572775
-2077.020457314683
-2023.3851995440377
-1966.9286130765643
-1907.7878299804813
-1846.1020205293526
-1782.011816318222
-1715.6588058696861
-1647.1851027313007
-1576.732980151558
-1504.4445612194024
-1430.4615535048717
-1354.9250173787905
-1277.9751581487183
-1199.7511349537435
-1120.3908818415669
-1040.030937890875
-958.8062843081606
-876.8501872160638
-794.2940450099782
-711.2672392586629
-627.896988509443
-544.308204642917
-460.62335169820705
-376.96230743047346
-293.44222812335033
-210.17741731251542
-127.27919914714548
-44.85579713986454
36.98778099167119
118.14985175335515
198.53215699000307
278.03995717397333
356.58211642637747
434.07117889820114
510.4234362091241
585.5589857175165
659.4017794699975
731.8796637507066
802.924409220786
872.471731703382
940.4613037267727
1006.8367569899273
1071.545675960381
1134.5395828535798
1195.77391427681
1255.2079898501436
1312.8049731415122
1368.5318252733575
1422.3592515748464
1474.2616416665076
1524.2170033735758
1572.206890870803
1618.2163274652626
1662.233723425037
1704.250789260896
1744.2624448654656
1782.2667249100987
1818.2646808939007
1852.2602802322995
1884.2603027643397
1914.2742350486374
1942.3141628077933
1968.3946618701477
1992.5326879461659
2014.7474655645624
2035.0603764806117
2053.49484785602
2070.0762404963248
2084.8317374181324
2097.7902330046472
2108.982222993972
2118.4396955306165
2126.1960234966077
2132.2858583245848
2136.7450254813825
2139.610421796825
2140.9199147989148
2140.712244203247
2139.026925691422
2135.9041571004536
2131.384727132728
2125.509926683984
2118.321462875056
2109.86137586182
2100.171958486838
2089.2956788257366
2077.275105671254
2064.1528369882844
2049.9714313640375
2034.7733424686921
2018.6008565335953
2001.4960328461918
1983.5006472534158
1964.656138658265
1945.0035584876764
1924.5835231036397
1903.436169123701
1881.6011116116274
1859.1174050939974
1836.0235073538604
1812.3572459483464
1788.1557873931993
1763.4556089536436
1738.2924729777683
1712.7014037056992
1686.7166664852396
1660.3717493223617
1633.6993466929332
1606.731345540337
1579.498813382193
1552.0319884482
1524.360271770179
1496.5122211446946
1468.5155468881703
1440.397109304165
1412.1829177824418
1383.8981314496277
1355.567061291631
1327.21317366851
1298.8590951432202
1270.526618546533
1242.2367102014598
1214.009518231689
1185.8643818798566
1157.8198417629108
1129.89365099338
1102.1027870970154
1074.4634646590366
1046.9911486330516
1019.7005682486446
992.605731455618
965.7199398449296
939.0558039884684
912.6252591419636
886.4395812575056
860.5094032543675
834.8447314990525
809.45496244773
784.3488994064782
759.5347693669963
735.0202398776903
710.8124359122594
686.9179567001191
663.3428924851743
640.0928411816054
617.1729248974453
594.5878062987971
572.3417047895748
550.4384124836293
528.8813099480554
507.6733816983518
486.81723142792885
466.31509695621963
446.1688648813521
426.3800849249793
406.9499839584395
387.8794797009278
369.16919408180667
350.81946626055947
332.8303652992041
315.2017024832275
297.9330432882821
281.02371899099603
264.47283792329796
248.27929637063752
232.44178911540382
216.95881962769798
201.82870990641135
187.0496099742955
172.61950703138527
158.53623427175563
144.79747936915535
131.4007926375707
118.3435948732299
105.62318488496636
93.23674672021833
81.18135659425587
69.45398953049458
58.0515257199828
46.97075660833486
36.20839071853142
25.761059218119662
15.625321239423693
5.797668961420801
-3.7254675380458595
-12.947715651061143
-21.87275582082146
-30.50431732665572
-38.846174264419126
-46.90214171390391
-54.67607208503903
-62.17185163479682
-69.39339714688587
-76.34465276648591
-83.02958698246934
-89.45218974975451
-95.61646974464644
-101.52645174623959
-107.18617413718407
-112.59968651734894
-117.77104742415403
-122.70432215358282
-127.40358067613289
-131.87289564220646
-136.11634047168988
-140.137987522717
-143.94190633485755
-147.53216194221446
-150.91281325215607
-154.08791148564666
-157.06149867537349
-159.83760621809836
-162.42025347788712
-164.81344643709022
-167.0211763921618
-169.04741869161253
-170.896131513594
-172.5712546808065
-174.07670851061008
-175.41639269840064
-176.59418523248533
-177.61394133885744
-178.47949245443067
-179.19464522744238
-179.76318054387855
-180.1888525789097
-180.47538787245364
-180.6264844281016
-180.64581083475693
-180.5370054104404
-180.30367536781412
-179.94939600106633
-179.4777098938828
-178.89212614830694
-178.1961196343607
-177.3931302603606
-176.48656226392086
-175.47978352368554
-174.37612489187612
-173.1788795477799
-171.8913023723378
-170.51660934401832
-169.05797695618693
-167.51854165619886
-165.90139930645657
-164.20960466768233
-162.44617090466204
-160.6140691147177
-158.71622787916343
-156.7555328379951
-154.73482628805465
-152.6569068048991
-150.52452888859008
-148.340402633603
-146.10719342303733
-143.82752164728785
-141.50396244731533
-139.1390454826307
-136.73525472408232
-134.29502827150893
-131.82075819629424
-129.31479040883065
-126.77942455087134
-124.21691391272071
-121.62946537518361
-119.01923937616485
-116.38834990178013
-113.73886450181077
-111.07280432930507
-108.39214420410067
-105.69881270001335
-102.99469225541063
-100.28161930686076
-97.56138444552198
-94.83573259591051
-92.10636321666195
-89.37493052287643
-86.64304372961554
-83.9122673160972
-81.18412131011402
-78.46008159218194
-75.74158021890676
-73.03000576504009
-70.3267036836799
-67.63297668405659
-64.9500851263322
-62.27924743282813
-59.62164051508629
-56.97840021615897
-54.35062176751427
-51.7393602599373
-49.145631127800996
-46.570410646076375
-44.01463643944819
-41.47920800289992
-38.96498723313078
-36.47279897016743
-34.00343154853405
-31.557637357346582
-29.13613340869993
-26.739601913721128
-24.368690865666075
-22.024014629443727
-19.706154536957982
-17.41565948766523
-15.153046553753608
-12.918801589359143
-10.71337984324361
-8.537206574369154
-6.390677669815716
-4.274160264498733
-2.1879933621565772
-0.13248845708955564
1.892069843855513
3.885423199545451
5.847338913543484
7.777609314282485
9.67605113687784
11.54250490701417
13.376834327328186
15.178925666694221
16.948687152804123
18.68604836841819
20.390959651648835
22.06339150062356
23.703333982858783
25.310796149661066
26.88580545585724
28.428407185140134
29.93866388130176
31.41665478561125
32.86247528058027
34.27623634034438
35.658063987874655
37.008098759219976
38.32649517496679
39.61342121908965
40.86905782535266
42.09359837140909
43.287248180733805
44.45022403251092
45.582753679586794
46.68507537458726
47.757437404286
48.800097632300684
49.81332305018184
50.797389336950005
51.75258042712592
52.67918808728922
53.57751150119165
54.44785686344174
55.29053698176936
56.10587088787006
56.894183456821345
57.655805035055145
58.39107107686375
59.10032178940928
59.783901786200225
60.44215974899232
61.075448098064825
61.68412267081806
62.26854240863218
62.82906905192249
63.36606684332172
63.87990223891515
64.37094362745054
64.8395610574406
65.2861259720724
65.71101095183455
66.11458946477015
66.49723562426011
66.8593239542397
67.20122916174768
67.52332591670633
67.82598863882782
68.10959129154129
68.37450718283306
68.62110877289113
68.84976748844417
69.06085354368382
69.25473576765863
69.4317814380272
69.59235612105749
69.73682351775898
69.86554531603407
69.97888104873516
70.07718795751357
70.1608208623469
70.23013203663145
70.28547108772699
70.32718484284108
70.3556172401412
70.37110922498327
70.37399865114608
70.36462018696149
70.34330522623159
70.31038180382468
70.26617451584283
70.21100444425485
70.14518908588971
70.06904228568621
69.98287417409632
69.88699110854031
69.78169561881327
69.66728635634382
69.5440580472071
69.4123014487953
69.27230331005039
69.12434633516497
68.96870915065873
68.80566627573872
68.63548809585396
68.45844083935535
68.27478655717366
68.08478310542976
67.88868413089256
67.68673905920113
67.47919308576965
67.26628716929429
67.04825802778302
66.82533813703066
66.59775573146244
66.36573480727127
66.12949512777459
65.88925223091847
65.6452174388576
65.39759786954131
65.14659645023698
64.89241193292331
64.6352389114873
64.3752678406602
64.11268505662832
63.84767279925658
63.58040923586315
63.311068486485304
63.039820650577205
62.766831835082
62.492264183821376
62.216275908147054
61.93902131879972
61.660650858921926
61.381311138172755
61.10114496789285
60.82029139726972
60.5388857504541
60.2570596645792
59.974941128635706
59.6926545231564
59.41032066066531
59.12805682684711
58.84597682239354
58.56419100548474
58.28280633486393
58.00192641346489
57.72165153255348
57.44207871634455
57.16330176705553
56.88541131036009
56.60849484120675
56.33263676996695
56.05791846887837
55.78441831874999
55.512211755896615
55.24137131927074
54.97196669776122
54.704064777628346
54.437729690046154
54.17302285872343
53.910003047575486
53.648726408420046
53.38924652867057
53.131614479001904
52.875878860963276
52.622085854514694
52.37027926546353
52.12050057277856
51.8727889757597
51.627181441042175
51.38371274941469
51.14241554243174
50.90332036880097
50.66645573052705
50.431848128794286
50.19952210957073
49.96950030891727
49.74180349798579
49.5164506276911
49.29345887304183
49.07284367711642
48.854618794670486
48.638796335362755
48.4253868065872
48.214399155899606
48.005840813027305
47.799717731451466
47.59603442955173
47.39479403130369
47.19599830651998
46.99964771062652
46.805741423965685
46.6142773906191
46.4252523567426
46.238661908406975
46.05450050893826
45.87276153575184
45.69343731667512
45.51651916575398
45.34199741853852
45.16986146684422
45.00009979298481
44.83270000347383
44.667648862191925
44.50493232301765
44.344535561919564
44.18644300850811
44.03063837704582
43.87710469691497
43.72582434254202
43.57677906277844
43.42995000973806
43.28531776709105
43.14286237781546
43.0025633714068
42.86439979054714
42.72835021723506
42.594392798378166
42.46250527085015
42.33266498601459
42.20484893371791
42.07903376575419
41.955195818804704
41.83331113685532
41.71335549309508
41.59530441129937
41.47913318670149
41.3648169063565
41.25233046900119
41.14164860441461
41.03274589228349
40.92559678057689
40.820175603435
40.71645659857668
40.61441392423079
40.51402167559625
40.41525390083611
40.31808461661083
40.22248782315616
40.12843751891109
40.035907714701445
39.94487244748473
39.85530579366199
39.76718188196246
39.68047490590683
39.595159135855106
39.511208930645026
39.42859874882702
39.34730315950187
39.267296852767025
39.1885546497779
39.111051512430194
39.0347625526695
38.95966304143444
38.88572841723947
38.81293429440371
38.741256470932
38.67067093605451
38.60115387743105
38.53268168802646
38.46523097266329
38.398778554258094
38.33330147974731
38.268777025709284
38.20518270368834
38.142496265227294
38.08069570661443
38.019759273351035
37.95966546434568
37.90039303584124
37.841921005080636
37.78422865371732
37.72729553097645
37.67110145657257
37.615626523389764
37.560851099929934
37.506755832535084
37.453321647389245
37.400529752305665
37.348361638304944
37.29679908098952
37.245824141720085
37.19541916859932
37.14556679726834
37.096249951520996
37.0474518437416
36.99915597517086
36.95134613600536
36.90400640533566
36.85712115092779
36.81067502885328
36.764652982972436
36.719040244275654
36.67382233008752
36.62898504313829
36.58451447050739
36.540396982443305
36.49661923106443
36.453168148945174
36.41003094759158
36.367195115810745
36.32464841797817
36.28237889220703
36.24037484842348
36.19862486635186
36.157117793413676
36.115842742544196
36.074789089930285
36.03394647267322
35.99330478638001
35.952854182686686
35.912585066717135
35.87248809448068
35.83255417021182
35.792774443655325
35.753140307299816
35.71364339356296
35.67427557193124
35.635028946057325
35.595895850817946
35.55686884933497
35.51794072996255
35.47910450324297
35.44035339883383
35.40168086240911
35.36308055253672
35.324546337534805
35.28607229230921
35.247652695174494
35.20928202466067
35.17095495630789
35.132666359451115
35.09441129399701
35.05618500719488
35.017982930403655
34.97980067585693
34.941634033427654
34.90347896739449
34.865331613211445
34.82718827428244
34.78904541874245
34.75089967624677
34.71274783476998
34.67458683741594
34.63641377924036
34.598225904087165
34.56002060144009
34.52179540329069
34.483547981024024
34.44527614232313
34.40697782809345
34.368651109408255
34.33029418447612
34.291905375631444
34.253483126348954
34.21502599828309
34.17653266833311
34.138001925734784
34.09943266917943
34.06082390396106
34.022174739152305
33.98348438480981
33.944752149209755
33.90597743611405
33.867159742067784
33.82829865372848
33.78939384522762
33.7504450755649
33.71145218603564
33.67241509769186
33.63333380883714
33.59420839255591
33.5550389942772
33.51582582937328
33.476569180793476
33.437269396733285
33.39792688833903
33.35854212744823
33.31911564436586
33.279648025676565
33.24013991209302
33.20059199634039
33.16100502107706
33.12137977685163
33.08171710009623
33.04201787115599
33.002283012354894
32.96251348609769
32.92271029300807
32.88287447010288
32.84300708900219
32.80310925417535
32.76318210122259
32.72322679519237
32.68324452893398
32.64323652148551
32.603204016496704
32.563148280686754
32.52307060233667
32.482972289816054
32.44285467014401
32.40271908758394
32.36256690227201
32.32239948887891
32.28221823530475
32.242024541406714
32.20181981775919
32.16160548444603
32.12138296988476
32.08115370968225
32.04091914552156
32.000680724079686
31.96043989597574
31.920198114749336
31.87995683586874
31.839717515768452
31.799481610915848
31.759250576906496
31.719025867587746
31.678808934210288
31.638601224607203
31.5984041824002
31.55821924623256
31.518047849028452
31.47789141727822
31.437751370349208
31.397629119821755
31.35752606884994
31.31744361154666
31.277383132392668
31.23734600566913
31.19733359491335
31.157347252397162
31.117388318627683
31.07745812186994
31.03755797769106
30.997689188525463
30.957853043260826
30.918050816844293
30.87828376990856
30.838553148417457
30.79886018333064
30.75920609028692
30.719592069305914
30.68001930450757
30.640488963849215
30.601002198879655
30.56156014451007
30.52216391880121
30.48281462276653
30.443513340190968
30.404261137464854
30.365059063432703
30.32590814925644
30.286809408292715
30.247763835983978
30.208772409762876
30.16983608896973
30.130955814782627
30.092132510159832
30.053367079794203
30.01466041007921
29.97601336908624
29.937426806552907
29.898901553881956
29.860438424150512
29.82203821212928
29.783701694311446
29.74542962895096
29.707222756109854
29.669081797714327
29.631007457619255
29.593000421680898
29.555061357837502
29.517190916197453
29.479389729134756
29.441658411391543
29.403997560187356
29.366407755334905
29.328889559362068
29.2914435176399
29.254070158516353
29.216769993455454
29.179543517181756
29.14239120782976
29.105313527098076
29.068310920408173
29.031383817067372
28.994532630435987
28.95775775809829
28.921059582037135
28.884438468812046
28.84789476974054
28.81142882108252
28.775040944227488
28.738731445884476
28.702500618274417
28.666348739324782
28.630276072866376
28.594282868832103
28.558369363457473
28.522535779482748
28.486782326356497
28.4511092004405
28.415516585215762
28.380004651489568
28.34457355760336
28.30922344964132
28.273954461639534
28.23876671579563
28.203660322678694
28.16863538143939
28.133691980020153
28.09883019536534
28.064050093631227
28.029351730395714
27.99473515086766
27.9602003900957
27.925747473176536
27.89137641546248
27.8570872227683
27.822879891577163
27.78875440924565
27.754710754207707
27.720748896177486
27.686868796351018
27.653070407606574
27.619353674703724
27.585718534481014
27.552164916052117
27.518692741000475
27.485301923572315
27.451992370868062
27.41876398303199
27.385616653440156
27.352550268886493
27.319564709767082
27.28665985026247
27.253835558518077
27.221091696822608
27.18842812178444
27.155844684505958
27.123341230755795
27.090917601138962
27.058573631264803
27.026309151912784
26.994123989196066
26.962017964722875
26.929990895755623
26.89804259536773
26.866172872598177
26.834381532603757
26.802668376809034
26.771033203053953
26.7394758057391
26.707995975968657
26.676593501690963
26.64526816783676
26.61401975645504
26.582848046846532
26.55175281569485
26.520733837195227
26.489790883180895
26.458923723247107
26.4281321248728
26.397415853539908
26.36677467285029
26.33620834464038
26.305716629093418
26.275299284849435
26.244956069112845
26.214686737757788
26.18449104543114
26.1543687456533
26.12431959091664
26.094343332781744
26.064439721971368
26.03460850846225
26.004849441574642
25.975162270059723
25.945546742184757
25.916002605816164
25.886529608500457
25.85712749754304
25.827796020084946
25.798534923177485
25.769343953854843
25.74022285920467
25.71117138643663
25.682189282949018
25.653276296393393
25.624432174737258
25.595656666324864
25.566949519936127
25.538310484843674
25.509739310868024
25.481235748431022
25.452799548607437
25.42443046317479
25.39612824466147
25.36789264639315
25.339723422537503
25.31162032814728
25.283583119201747
25.255611552646485
25.22770538643165
25.19986437954871
25.172088292065585
25.14437688516032
25.11672992115329
25.08914716353796
25.061628377010212
25.034173327496333
25.00678178217955
24.979453509525314
24.952188279305194
24.924985862619533
24.89784603191883
24.87076856102388
24.84375322514472
24.816799800898398
24.789908066325555
24.76307780090589
24.73630878557252
24.709600802725276
24.682953636242942
24.6563670714944
24.62984089534885
24.60337489618498
24.576968863899264
24.550622589913228
24.524335867179904
24.49810849018933
24.471940254973205
24.44583095910867
24.419780401721344
24.393788383487532
24.367854706635654
24.341979174946918
24.316161593755307
24.29040176994681
24.264699511957964
24.239054629773804
24.21346693492511
24.187936240485044
24.16246236106521
24.13704511281108
24.111684313396907
24.086379782020042
24.06113133939481
24.03593880774581
24.01080201080077
23.98572077378288
23.960694923402723
23.93572428784976
23.910808696783402
23.885947981323703
23.86114197404164
23.836390508949044
23.811693421488165
23.787050548520927
23.76246172831784
23.73792680054665
23.713445606260645
23.689017987886775
23.664643789213414
23.640322855377946
23.61605503285406
23.591840169438896
23.567678114239982
23.543568717661927
23.519511831392975
23.495507308391364
23.471555002871554
23.447654770290328
23.423806467332746
23.40000995189798
23.37626508308505
23.352571721178403
23.328929727633508
23.3053389650623
23.281799297218594
23.258310588983406
23.234872706350245
23.211485516410367
23.188148887338
23.164862688375557
23.14162678981883
23.118441063002148
23.095305380283566
23.07221961503008
23.049183641602845
23.026197335342417
23.003260572554034
22.98037323049293
22.957535187349674
22.93474632223559
22.912006515168233
22.889315647056925
22.866673599688333
22.844080255712147
22.821535498626847
22.799039212765543
22.776591283281906
22.7541915961362
22.731840038081387
22.709536496649367
22.6872808601373
22.665073017594068
22.642912858806838
22.620800274287703
22.598735155260513
22.576717393647794
22.554746882057806
22.53282351377171
22.510947182730888
22.489117783524396
22.467335211376557
22.44559936213471
22.42391013225707
22.40226741880074
22.38067111940989
22.359121132304086
22.337617356266744
22.316159690633736
22.29474803528218
22.273382290619335
22.252062357571706
22.23078813757427
22.209559532559883
22.188376444948826
22.167238777638502
22.146146433993312
22.125099317834675
22.104097333431216
22.083140385489134
22.06222837914268
22.041361219944857
22.02053881385821
21.999761067245853
21.979027886862596
21.95833917984625
21.937694853709104
21.91709481632954
21.896538975943816
21.87602724113802
21.85555952084017
21.83513572431246
21.81475576114365
21.794419541241655
21.774126974826277
21.753877972422075
21.733672444851383
21.713510303227494
21.693391458947985
21.673315823688153
21.653283309394666
21.63329382827933
21.613347292813014
21.59344361571967
21.57358270997059
21.553764488778715
21.533988865593116
21.514255754093618
21.494565068185537
21.474916721994582
21.455310629861884
21.435746706339152
21.416224866183963
21.396745024355173
21.377307096008465
21.357910996492006
21.338556641342233
21.319243946279766
21.29997282720547
21.280743200196575
21.261554981502982
21.242408087543627
21.22330243490296
21.20423794032757
21.185214520722923
21.16623209315018
21.147290574823153
21.128389883105335
21.109529935507044
21.090710649682645
21.071931943427927
21.05319373467753
21.03449594150249
21.01583848210785
20.997221274830395
20.978644238136493
20.960107290620005
20.941610351000254
20.923153338120095
20.904736170944084
20.886358768556732
20.86802105016083
20.84972293507585
20.831464342736393
20.81324519269076
20.795065404599576
20.77692489823449
20.758823593476937
20.74076141031699
20.722738268852254
20.704754089286855
20.686808791930428
20.66890229719725
20.65103452560539
20.633205397775896
20.615414834432077
20.597662756398837
20.579949084602056
20.562273740068004
20.544636643922843
20.527037717392137
20.509476881800474
20.491954058571057
20.474469169225387
20.45702213538299
20.439612878761174
20.422241321174855
20.404907384536365
20.387610990855325
20.3703520622386
20.353130520890222
20.335946289111394
20.318799289300507
20.30168944395319
20.284616675662416
20.267580907118614
20.250582061109792
20.233620060521734
20.21669482833819
20.19980628764109
20.182954361610786
20.166138973526355
20.149360046765885
20.1326175048068
20.115911271226178
20.099241269701125
20.08260742400912
20.06600965802843
20.049447895738506
20.032922061220415
20.016432078657264
19.999977872334664
19.98355936664119
19.967176486068876
19.9508291552137
19.93451729877606
19.9182408415613
19.901999708480226
19.885793824549637
19.86962311489285
19.853487504740254
19.837386919429846
19.821321284407777
19.805290525228923
19.78929456755745
19.773333337167365
19.757406759943095
19.74151476188005
19.725657269085215
19.70983420777769
19.694045504289292
19.67829108506513
19.66257087666415
19.64688480575973
19.631232799140257
19.61561478370971
19.600030686488207
19.584480434612587
19.568963955336983
19.553481176033383
19.53803202419217
19.52261642742267
19.50723431345371
19.491885610134183
19.47657024543357
19.461288147442474
19.446039244373154
19.43082346456005
19.41564073646028
19.40049098865417
19.385374149845756
19.370290148863287
19.3552389146597
19.340220376313116
19.32523446302729
19.310281104132105
19.295360229084018
19.280471767466523
19.26561564899058
19.250791803495066
19.236000160947192
19.221240651442926
19.206513205207372
19.191817752595192
19.177154224091005
19.16252255030975
19.147922661997068
19.133354490029678
19.118817965415705
19.104313019295027
19.089839582939632
19.0753975877539
19.060986965274967
19.04660764717299
19.032259565251472
19.01794265144753
19.003656837832175
18.989402056610565
18.975178240122272
18.96098532084152
18.946823231377444
18.9326919044743
18.918591273011693
18.90452127000476
18.89048182860439
18.87647288209738
18.86249436390667
18.848546207591443
18.83462834684735
18.820740715506616
18.80688324753819
18.793055877047884
18.77925853827849
18.765491165609916
18.751753693559223
18.73804605678075
18.724368190066233
18.71072002834484
18.69710150668325
18.683512560285717
18.669953124494114
18.65642313478798
18.642922526784535
18.629451236238733
18.61600919904325
18.60259635122847
18.58921262896249
18.575857968551166
18.56253230643806
18.549235579204424
18.535967723569136
18.52272867638868
18.5095183746571
18.496336755505926
18.483183756204124
18.470059314158025
18.456963366911236
18.443895852144564
18.43085670767592
18.41784587146023
18.40486328158931
18.39190887629179
18.37898259393297
18.366084373014704
18.353214152175276
18.340371870189255
18.327557465967338
18.314770878556214
18.302012047138398
18.289280911032083
18.27657740969098
18.263901482704117
18.25125306979569
18.238632110824874
18.226038545785634
18.213472314806538
18.200933358150554
18.188421616214864
18.17593702953066
18.163479538762935
18.151049084710248
18.138645608304508
18.126269050610748
18.113919352826905
18.101596456283577
18.089300302443807
18.077030832902818
18.064787989387792
18.05257171375762
18.040381948002665
18.0282186342445
18.016081714735655
18.003971131859362
17.991886828129278
17.97982874618923
17.96779682881296
17.955791018903838
17.9438112594946
17.931857493747074
17.919929664951905
17.90802771652827
17.896151592023593
17.884301235113245
17.872476589600286
17.860677599415155
17.848904208615387
17.837156361385325
17.82543400203583
17.813737075003978
17.802065524852768
17.79041929627081
17.778798334072032
17.76720258319539
17.75563198870456
17.74408649578765
17.732566049756876
17.721070596048275
17.709600080221378
17.69815444795892
17.686733645066536
17.67533761747244
17.6639663112271
17.652619672502937
17.641297647594037
17.630000182915815
17.618727225004715
17.60747872051789
17.5962546162329
17.585054859047386
17.573879395978757
17.562728174163894
17.551601140858825
17.54049824343843
17.529419429396118
17.51836464634351
17.507333842010144
17.49632696424314
17.4853439610069
17.474384780382795
17.46344937056885
17.452537679879434
17.44164965674495
17.430785249711526
17.419944407440703
17.409127078709115
17.3983332124082
17.387562757543876
17.37681566323622
17.366091878719168
17.355391353340227
17.34471403656015
17.33405987795264
17.323428827204044
17.312820834113037
17.30223584859034
17.291673820658406
17.281134700451123
17.270618438213514
17.260124984301445
17.24965428918132
17.239206303429782
17.22878097773342
17.218378262888443
17.207998109800418
17.197640469483975
17.187305293062504
17.176992531767866
17.166702136940096
17.156434060027127
17.146188252584484
17.135964666275
17.125763252868555
17.115583964241754
17.105426752377657
17.095291569365493
17.0851783674004
17.07508709878312
17.06501771591974
17.054970171321408
17.044944417604036
17.034940407488033
17.024958093798034
17.014997429462625
17.00505836751405
16.995140861087965
16.985244863423144
16.97537032786123
16.965517207846478
16.955685456925465
16.945875028746862
16.936085877061135
16.92631795572029
16.91657121867761
16.90684561998739
16.897141113804693
16.887457654385077
16.877795196084353
16.868153693358316
16.858533100762504
16.848933372951933
16.839354464680845
16.82979633080247
16.82025892626877
16.810742206130193
16.801246125535414
16.791770639731094
16.782315704061638
16.77288127396895
16.76346730499219
16.754073752767535
16.744700573027934
16.73534772160288
16.726015154418167
16.71670282749565
16.70741069695299
16.69813871900347
16.688886849955715
16.67965504621349
16.67044326427546
16.661251460734952
16.652079592279733
16.642927615691768
16.63379548784701
16.624683165715176
16.61559060635951
16.60651776693658
16.59746460469602
16.58843107698034
16.579417141224674
16.5704227549566
16.56144787579589
16.552492461454314
16.543556469735407
16.534639858534252
16.525742585837293
16.5168646097221
16.50800588835717
16.499166380001704
16.49034604300538
16.48154483580816
16.472762716940085
16.463999645021065
16.455255578760678
16.44653047695795
16.437824298501162
16.429137002367643
16.42046854762356
16.411818893423717
16.40318799901135
16.394575823717947
16.38598232696302
16.37740746825393
16.36885120718567
16.360313503440665
16.351794316788574
16.34329360708611
16.33481133427684
16.32634745839099
16.317901939545262
16.309474737942615
16.301065813872093
16.292675127708616
16.284302639912795
16.27594831103076
16.267612101693953
16.259293972618938
16.250993884607222
16.242711798545056
16.234447675403253
16.226201476237005
16.217973162185697
16.209762694472726
16.201570034405304
16.193395143374293
16.185237982854023
16.1770985144021
16.16897669965922
16.16087250034897
16.15278587827767
16.144716795334197
16.13666521348981
16.128631094797957
16.1206144013941
16.112615095495542
16.10463313940125
16.096668495491667
16.08872112622853
16.080790994154718
16.072878061894066
16.064982292151203
16.05710364771136
16.049242091440206
16.041397586283672
16.033570095267788
16.025759581498498
16.0179660081615
16.010189338522057
16.002429535924826
15.994686563793707
15.986960385631665
15.979250965020569
15.971558265621013
15.963882251172159
15.956222885491561
15.948580132475001
15.940953956096306
15.9333443204072
15.925751189537122
15.918174527693088
15.910614299159505
15.903070468298019
15.895542999547342
15.88803185742308
15.880537006517578
15.873058411499759
15.865596037114956
15.858149848184746
15.850719809606808
15.843305886354745
15.835908043477936
15.82852624610136
15.821160459425435
15.81381064872586
15.806476779353462
15.799158816734026
15.791856726368142
15.784570473831034
15.777300024772424
15.770045344916374
15.762806400061118
15.755583156078902
15.748375578915839
15.74118363459174
15.734007289199964
15.726846508907247
15.719701259953567
15.712571508651989
15.705457221388498
15.698358364621846
15.691274904883391
15.68420680877696
15.677154042978678
15.670116574236825
15.663094369371684
15.656087395275385
15.64909561891175
15.642119007316142
15.635157527595334
15.628211146927333
15.621279832561225
15.614363551817027
15.607462272085561
15.600575960828273
15.593704585577095
15.586848113934291
15.580006513572304
15.573179752233616
15.566367797730598
15.559570617945363
15.552788180829614
15.546020454404488
15.539267406760418
15.532529006056993
15.525805220522804
15.519096018455295
15.512401368220615
15.505721238253471
15.499055597056989
15.492404413202562
15.485767655329713
15.479145292145931
15.472537292426534
15.465943625014518
15.459364258820433
15.452799162822227
15.446248306065097
15.439711657661357
15.433189186790297
15.42668086269803
15.420186654697341
15.41370653216755
15.407240464554373
15.40078842136979
15.394350372191887
15.38792628666472
15.381516134498174
15.375119885467818
15.368737509414785
15.36236897624561
15.356014255932099
15.34967331851117
15.343346134084735
15.337032672819555
15.330732904947107
15.324446800763429
15.318174330628995
15.311915464968578
15.305670174271098
15.299438429089488
15.293220200040556
15.287015457804852
15.280824173126527
15.27464631681322
15.268481859735884
15.26233077282867
15.25619302708879
15.250068593576378
15.243957443414374
15.237859547788354
15.231774877946414
15.225703405199035
15.219645100918946
15.213599936540996
15.207567883562014
15.201548913540673
15.195542998097356
15.189550108914027
15.18357021773411
15.177603296362332
15.171649316664602
15.165708250567876
15.15978007006003
15.153864747189726
15.147962254066286
15.142072562859564
15.13619564579981
15.13033147517753
15.124480023343349
15.118641262707907
15.11281516574172
15.107001704975048
15.101200852997756
15.095412582459192
15.089636866068064
15.083873676592313
15.078122986858984
15.072384769754082
15.066658998222454
15.060945645267665
15.05524468395187
15.049556087395684
15.043879828778062
15.038215881336164
15.032564218365241
15.026924813218509
15.021297639307013
15.015682670099505
15.010079879122312
15.004489239959213
14.998910726251308
14.993344311696914
14.987789970051436
14.982247675127246
14.976717400793552
14.97119912097627
14.965692809657888
14.960198440877374
14.95471598873003
14.949245427367384
14.943786730997054
14.938339873882638
14.932904830343587
14.927481574755078
14.922070081547911
14.916670325208386
14.91128228027817
14.905905921354178
14.900541223088458
14.895188160188086
14.889846707415018
14.884516839585967
14.879198531572312
14.873891758299973
14.868596494749278
14.86331271595485
14.858040397005496
14.852779513044096
14.847530039267474
14.842291950926272
14.837065223324844
14.831849831821133
14.826645751826561
14.821452958805912
14.8162714282772
14.811101135811588
14.805942057033247
14.800794167619248
14.795657443299442
14.790531859856353
14.785417393125057
14.780314018993064
14.77522171340021
14.770140452338538
14.765070211852194
14.760010968037315
14.75496269704191
14.749925375065747
14.744898978360235
14.739883483228303
14.734878866024308
14.729885103153915
14.724902171073989
14.719930046292479
14.714968705368314
14.710018124911281
14.705078281581923
14.700149152091429
14.695230713201521
14.69032294172435
14.685425814522384
14.6805393085083
14.675663400644872
14.670798067944855
14.66594328747087
14.661099036335312
14.656265291700217
14.651442030777178
14.646629230827232
14.641826869160761
14.637034923137376
14.63225337016581
14.627482187703817
14.622721353258074
14.61797084438406
14.613230638685943
14.60850071381648
14.603781047476902
14.599071617416824
14.594372401434141
14.58968337737491
14.585004523133257
14.580335816651269
14.57567723591889
14.571028758973817
14.566390363901398
14.561762028834517
14.557143731953492
14.55253545148598
14.547937165706877
14.543348852938204
14.538770491549025
14.534202059955327
14.529643536619918
14.525094900052343
14.520556128808774
14.516027201491898
14.51150809675081
14.50699879328093
14.502499269823891
14.498009505167445
14.493529478145364
14.489059167637333
14.48459855256886
14.480147611911175
14.475706324681116
14.471274669941037
14.466852626798703
14.462440174407206
14.458037291964875
14.45364395871516
14.44926015394653
14.444885856992384
14.44052104723095
14.436165704085198
14.431819807022745
14.427483335555747
14.423156269240788
14.418838587678804
14.414530270514977
14.410231297438651
14.405941648183227
14.401661302526067
14.397390240288397
14.393128441335199
14.38887588557514
14.38463255296048
14.380398423486968
14.376173477193738
14.371957694163232
14.367751054521088
14.363553538436062
14.359365126119922
14.355185797827366
14.351015533855904
14.346854314545782
14.342702120279892
14.338558931483682
14.334424728625072
14.330299492214342
14.326183202804044
14.322075840988916
14.31797738740578
14.313887822733461
14.309807127692693
14.305735283046042
14.301672269597793
14.297618068193866
14.293572659721724
14.28953602511029
14.285508145329858
14.281489001391984
14.277478574349413
14.273476845295992
14.269483795366584
14.265499405736971
14.261523657623759
14.257556532284287
14.253598011016564
14.249648075159161
14.245706706091125
14.241773885231893
14.237849594041208
14.23393381401902
14.230026526705398
14.226127713680453
14.222237356564252
14.218355437016713
14.214481936737549
14.210616837466167
14.206760120981588
14.202911769102341
14.19907176368639
14.195240086631053
14.191416719872914
14.187601645387744
14.183794845190405
14.179996301334766
14.176205995913627
14.172423911058642
14.168650028940204
14.164884331767377
14.161126801787814
14.157377421287674
14.153636172591533
14.149903038062304
14.146178000101159
14.142461041147453
14.138752143678616
14.13505129021009
14.131358463295237
14.127673645525253
14.123996819529086
14.120327967973365
14.116667073562306
14.113014119037654
14.1093690871786
14.10573196080168
14.102102722760701
14.09848135594666
14.094867843287656
14.091262167748818
14.08766431233222
14.0840742600768
14.080491994058296
14.07691749738915
14.073350753218444
14.069791744731798
14.066240455151297
14.062696867735404
14.05916096577891
14.055632732612837
14.05211215160437
14.04859920615676
14.045093879709261
14.041596155737043
14.038106017751113
14.03462344929826
14.031148433960954
14.027680955357273
14.024220997140823
14.020768543000663
14.017323576661225
14.013886081882234
14.01045604245865
14.00703344222058
14.003618265033209
14.000210494796713
13.99681011544619
13.993417110951583
13.990031465317609
13.986653162583686
13.983282186823853
13.97991852214669
13.976562152695235
13.973213062646906
13.969871236213438
13.966536657640816
13.963209311209209
13.959889181232873
13.956576252060099
13.953270508073121
13.94997193368805
13.94668051335479
13.943396231556967
13.940119072811857
13.93684902167033
13.933586062716772
13.930330180569007
13.9270813598782
13.923839585328803
13.920604841638497
13.917377113558109
13.91415638587155
13.91094264339574
13.907735870980527
13.904536053508613
13.901343175895494
13.898157223089386
13.89497818007114
13.89180603185419
13.888640763484473
13.885482360040369
13.882330806632623
13.879186088404278
13.876048190530593
13.872917098218982
13.869792796708941
13.86667527127198
13.86356450721156
13.860460489863028
13.85736320459353
13.854272636801944
13.851188771918816
13.848111595406296
13.845041092758072
13.841977249499289
13.838920051186498
13.835869483407574
13.83282553178164
13.829788181959026
13.826757419621188
13.823733230480643
13.820715600280886
13.817704514796333
13.814699959832245
13.811701921224673
13.808710384840392
13.805725336576835
13.80274676236203
13.79977464815453
13.796808979943338
13.793849743747842
13.790896925617751
13.787950511633031
13.785010487903838
13.782076840570465
13.779149555803263
13.776228619802582
13.77331401879871
13.770405739051798
13.7675037668518
13.764608088518404
13.761718690400986
13.758835558878529
13.755958680359539
13.753088041282004
13.750223628113327
13.74736542735027
13.744513425518878
13.741667609174424
13.73882796490134
13.735994479313156
13.733167139052437
13.73034593079072
13.727530841228447
13.724721857094911
13.721918965148202
13.719122152175117
13.716331404991118
13.713546710440253
13.710768055395109
13.707995426756746
13.705228811454642
13.70246819644662
13.699713568718787
13.696964915285488
13.694222223189238
13.691485479500642
13.688754671318346
13.686029785768989
13.683310810007125
13.680597731215174
13.677890536603377
13.675189213409702
13.672493748899791
13.669804130366906
13.667120345131867
13.664442380542997
13.661770223976065
13.65910386283421
13.65644328454789
13.653788476574835
13.65113942639998
13.648496121535413
13.64585854952031
13.643226697920882
13.640600554330296
13.637980106368625
13.635365341682798
13.632756247946533
13.63015281286028
13.627555024151171
13.624962869572963
13.62237633690597
13.619795413957007
13.617220088559332
13.614650348572598
13.612086181882779
13.609527576402137
13.606974520069148
13.604427000848455
13.601885006730797
13.59934852573297
13.596817545897759
13.594292055293888
13.591772042015956
13.589257494184382
13.586748399945352
13.584244747470768
13.581746524958184
13.579253720630746
13.576766322737146
13.574284319551571
13.571807699373641
13.56933645052835
13.566870561366008
13.5644100202622
13.561954815617712
13.5595049358585
13.55706036943562
13.554621104825177
13.55218713052828
13.549758435070972
13.547335007004184
13.544916834903676
13.542503907369987
13.540096213028388
13.537693740528809
13.535296478545792
13.532904415778454
13.530517540950429
13.528135842809814
13.525759310129109
13.523387931705162
13.521021696359115
13.518660592936364
13.5163046103065
13.51395373736324
13.511607963024385
13.509267276231792
13.506931665951308
13.504601121172698
13.502275630909603
13.499955184199502
13.497639770103657
13.495329377707039
13.493023996118303
13.490723614469733
13.488428221917186
13.486137807640036
13.483852360841118
13.48157187074669
13.479296326606375
13.47702571769311
13.474760033303106
13.472499262755797
13.470243395393782
13.467992420582762
13.465746327711516
13.463505106191826
13.461268745458439
13.459037234969012
13.456810564204078
13.454588722666983
13.452371699883837
13.450159485403473
13.447952068797395
13.445749439659727
13.443551587607157
13.441358502278893
13.439170173336608
13.4369865904644
13.43480774336874
13.432633621778438
13.430464215444578
13.428299514140482
13.42613950766165
13.423984185825722
13.421833538472407
13.419687555463446
13.417546226682575
13.415409542035471
13.413277491449698
13.411150064874656
13.40902725228157
13.406909043663413
13.404795429034861
13.402686398432241
13.400581941913499
13.398482049558135
13.396386711467168
13.394295917763088
13.392209658589806
13.390127924112614
13.388050704518145
13.385977990014313
13.38390977083027
13.381846037216363
13.37978677944407
13.37773198780597
13.3756816526157
13.373635764207922
13.371594312938257
13.369557289183234
13.367524683340259
13.365496485827553
13.363472687084132
13.361453277569744
13.35943824776483
13.357427588170484
13.3554212893084
13.35341934172082
13.351421735970504
13.349428462640688
13.347439512335031
13.345454875677573
13.343474543312697
13.34149850590507
13.339526754139609
13.337559278721423
13.335596070375782
13.333637119848067
13.331682417903728
13.329731955328244
13.327785722927091
13.325843711525682
13.323905911969335
13.321972315123228
13.320042911872344
13.318117693121433
13.316196649794964
13.314279772837095
13.31236705321164
13.310458481902014
13.308554049911184
13.306653748261617
13.304757567995265
13.302865500173507
13.300977535877104
13.299093666206174
13.297213882280133
13.295338175237662
13.293466536236664
13.291598956454218
13.28973542708652
13.287875939348869
13.28602048447562
13.284169053720136
13.282321638354743
13.280478229670692
13.27863881897813
13.276803397606063
13.274971956902307
13.273144488233443
13.271320982984776
13.269501432560297
13.267685828382634
13.265874161893013
13.26406642455122
13.262262607835568
13.260462703242853
13.258666702288327
13.25687459650564
13.255086377446805
13.253302036682157
13.251521565800317
13.249744956408144
13.247972200130702
13.24620328861121
13.244438213511016
13.242676966509551
13.240919539304302
13.239165923610756
13.237416111162364
13.235670093710512
13.233927863024483
13.232189410891417
13.230454729116248
13.228723809521698
13.226996643948235
13.225273224254018
13.223553542314857
13.22183759002418
13.220125359293
13.218416842049875
13.21671203024086
13.215010915829483
13.213313490796704
13.21161974714087
13.209929676877682
13.20824327204016
13.206560524678611
13.204881426860595
13.203205970670865
13.201534148211334
13.199865951601046
13.198201372976152
13.196540404489857
13.19488303831238
13.193229266630913
13.191579081649596
13.18993247558948
13.188289440688493
13.186649969201397
13.185014053399753
13.183381685571876
13.181752858022797
13.180127563074246
13.178505793064607
13.176887540348893
13.175272797298694
13.17366155630214
13.172053809763874
13.170449550105008
13.168848769763093
13.167251461192079
13.165657616862275
13.164067229260334
13.162480290889203
13.160896794268092
13.159316731932437
13.157740096433868
13.156166880340164
13.154597076235222
13.153030676719027
13.151467674407623
13.149908061933063
13.148351831943371
13.146798977102515
13.145249490090368
13.143703363602688
13.14216059035107
13.140621163062924
13.139085074481436
13.137552317365529
13.136022884489826
13.134496768644617
13.132973962635829
13.131454459284996
13.129938251429227
13.128425331921171
13.12691569362898
13.125409329436266
13.123906232242083
13.122406394960889
13.120909810522503
13.119416471872077
13.117926371970055
13.116439503792162
13.114955860329355
13.113475434587787
13.111998219588784
13.110524208368812
13.10905339397943
13.10758576948727
13.106121327974007
13.104660062536311
13.103201966285829
13.101747032349154
13.100295253867783
13.098846623998075
13.097401135911241
13.095958782793314
13.094519557845112
13.09308345428219
13.091650465334814
13.09022058424792
13.088793804281101
13.08737011870858
13.085949520819167
13.084532003916218
13.083117561317618
13.081706186355747
13.080297872377448
13.078892612744
13.077490400831067
13.076091230028695
13.074695093741253
13.073301985387422
13.07191189840016
13.07052482622666
13.069140762328331
13.067759700180748
13.06638163327365
13.06500655511089
13.063634459210409
13.06226533910422
13.06089918833837
13.059536000472892
13.058175769081792
13.056818487753008
13.055464150088387
13.054112749703647
13.052764280228349
13.05141873530587
13.050076108593373
13.048736393761788
13.047399584495768
13.046065674493661
13.044734657467481
13.043406527142887
13.042081277259145
13.040758901569097
13.039439393839134
13.038122747849169
13.036808957392608
13.03549801627632
13.03418991832059
13.032884657359125
13.031582227239
13.030282621820641
13.028985834977789
13.027691860597466
13.02640069257996
13.025112324838785
13.023826751300646
13.022543965905419
13.02126396260613
13.01998673536892
13.018712278173027
13.017440585010739
13.016171649887378
13.014905466821261
13.013642029843687
13.012381332998888
13.011123370344015
13.009868135949102
13.008615623897049
13.00736582828359
13.006118743217261
13.00487436281938
13.003632681224023
13.002393692577982
13.00115739104075
12.999923770784479
12.998692825993963
12.997464550866614
12.996238939612423
12.995015986453943
12.993795685626267
12.992578031376988
12.99136301796617
12.990150639666318
12.988940890762358
12.987733765551605
12.986529258343754
12.98532736346084
12.984128075237221
12.982931388019528
12.981737296166656
12.980545794049737
12.979356876052112
12.978170536569305
12.976986770009004
12.97580557079103
12.974626933347302
12.97345085212182
12.972277321570617
12.971106336161752
12.969937890375286
12.968771978703254
12.967608595649628
12.966447735730302
12.965289393473071
12.96413356341759
12.962980240115357
12.9618294181297
12.96068109203573
12.95953525642032
12.958391905882092
12.957251035031382
12.956112638490211
12.954976710892279
12.95384324688291
12.952712241119038
12.951583688269185
12.950457583013444
12.949333920043445
12.948212694062327
12.947093899784711
12.945977531936682
12.944863585255767
12.943752054490917
12.942642934402475
12.941536219762158
12.940431905353016
12.9393299859694
12.938230456416944
12.937133311512548
12.936038546084351
12.934946154971717
12.933856133025204
12.932768475106533
12.931683176088585
12.93060023085536
12.929519634301952
12.928441381334524
12.92736546687029
12.926291885837477
12.925220633175309
12.924151703834
12.923085092774722
12.922020794969571
12.920958805401533
12.919899119064471
12.918841730963113
12.917786636113014
12.91673382954055
12.915683306282887
12.91463506138795
12.913589089914398
12.912545386931619
12.911503947519682
12.910464766769334
12.909427839781966
12.908393161669599
12.907360727554847
12.90633053257091
12.905302571861556
12.904276840581087
12.903253333894304
12.902232046976497
12.901212975013422
12.900196113201268
12.899181456746637
12.898169000866526
12.897158740788312
12.896150671749723
12.895144788998818
12.894141087793962
12.8931395634038
12.892140211107234
12.89114302619341
12.890148003961697
12.889155139721666
12.88816442879305
12.887175866505736
12.886189448199733
12.885205169225157
12.884223024942202
12.883243010721133
12.88226512194226
12.881289353995912
12.880315702282415
12.879344162212066
12.878374729205127
12.877407398691785
12.876442166112135
12.875479026916162
12.874517976563718
12.873559010524502
12.872602124278052
12.871647313313705
12.87069457313058
12.869743899237557
12.868795287153263
12.86784873240604
12.866904230533923
12.86596177708462
12.865021367615501
12.864082997693576
12.863146662895463
12.862212358807382
12.861280081025122
12.860349825154026
12.859421586808972
12.858495361614342
12.857571145204002
12.85664893322129
12.855728721318993
12.85481050515932
12.853894280413893
12.852980042763724
12.852067787899184
12.851157511519991
12.8502492093352
12.849342877063169
12.848438510431547
12.84753610517726
12.846635657046475
12.845737161794569
12.844840615186126
12.843946012994921
12.843053351003897
12.842162625005145
12.841273830799896
12.840386964198482
12.839502021020314
12.83861899709387
12.83773788825667
12.836858690355276
12.83598139924524
12.835106010791101
12.834232520866376
12.833360925353523
12.832491220143936
12.83162340113792
12.830757464244677
12.829893405382277
12.829031220477646
12.828170905466543
12.827312456293543
12.826455868912017
12.825601139284116
12.82474826338074
12.823897237181528
12.823048056674834
12.822200717857713
12.821355216735908
12.82051154932382
12.819669711644496
12.81882969972961
12.817991509619437
12.81715513736284
12.81632057901725
12.81548783064865
12.814656888331568
12.81382774814904
12.813000406192595
12.81217485856224
12.811351101366439
12.810529130722085
12.809708942754515
12.808890533597463
12.808073899393042
12.807259036291729
12.806445940452345
12.805634608042052
12.804825035236327
12.804017218218943
12.80321115318195
12.802406836325654
12.801604263858605
12.800803431997585
12.800004336967561
12.7992069750017
12.798411342341337
12.797617435235953
12.796825249943156
12.796034782728679
12.79524602986635
12.794458987638093
12.793673652333897
12.792890020251795
12.79210808769785
12.791327850986137
12.790549306438715
12.789772450385609
12.788997279164809
12.78822378912224
12.787451976611763
12.786681837995154
12.78591336964207
12.785146567930035
12.784381429244432
12.7836179499785
12.782856126533291
12.782095955317661
12.78133743274826
12.780580555249506
12.779825319253579
12.779071721200403
12.778319757537622
12.777569424720586
12.776820719212331
12.77607363748356
12.775328176012628
12.77458433128552
12.77384209979584
12.773101478044794
12.772362462541185
12.771625049801386
12.770889236349326
12.770155018716467
12.769422393441795
12.768691357071807
12.767961906160497
12.767234037269338
12.766507746967257
12.76578303183062
12.765059888443217
12.764338313396237
12.763618303288265
12.762899854725267
12.762182964320578
12.761467628694868
12.760753844476142
12.76004160829972
12.759330916808223
12.758621766651535
12.757914154486818
12.757208076978477
12.756503530798156
12.755800512624708
12.755099019144197
12.754399047049874
12.753700593042156
12.753003653828612
12.752308226123958
12.751614306650048
12.750921892135844
12.750230979317411
12.749541564937893
12.748853645747483
12.748167218503418
12.74748227996997
12.746798826918425
12.74611685612707
12.745436364381183
12.74475734847301
12.744079805201773
12.743403731373624
12.74272912380164
12.742055979305816
12.74138429471304
12.740714066857079
12.740045292578568
12.739377968725002
12.738712092150708
12.738047659716834
12.737384668291334
12.736723114748967
12.736062995971274
12.735404308846558
12.734747050269853
12.734091217142927
12.73343680637427
12.73278381487907
12.732132239579222
12.731482077403284
12.730833325286477
12.730185980170674
12.729540039004371
12.72889549874269
12.728252356347355
12.72761060878669
12.726970253035597
12.726331286075533
12.725693704894498
12.725057506487023
12.724422687854167
12.723789246003493
12.723157177949052
12.722526480711359
12.721897151317394
12.721269186800582
12.720642584200782
12.720017340564278
12.719393452943763
12.718770918398324
12.71814973399343
12.717529896800913
12.716911403898944
12.716294252372027
12.715678439310992
12.715063961812978
12.714450816981424
12.713839001926056
12.713228513762866
12.712619349614103
12.712011506608256
12.711404981880044
12.710799772570397
12.710195875826436
12.709593288801479
12.70899200865502
12.70839203255272
12.707793357666379
12.707195981173932
12.706599900259437
12.706005112113049
12.705411613931016
12.704819402915678
12.704228476275441
12.703638831224765
12.703050464984146
12.702463374780118
12.701877557845215
12.701293011417985
12.700709732742967
12.700127719070675
12.699546967657586
12.69896747576612
12.698389240664635
12.69781225962742
12.697236529934678
12.696662048872504
12.696088813732873
12.695516821813635
12.694946070418519
12.694376556857097
12.693808278444772
12.693241232502764
12.692675416358101
12.692110827343603
12.691547462797871
12.690985320065288
12.69042439649599
12.68986468944587
12.689306196276547
12.688748914355372
12.688192841055399
12.68763797375539
12.687084309839793
12.686531846698717
12.685980581727922
12.685430512328821
12.684881635908475
12.684333949879576
12.683787451660429
12.683242138674924
12.682698008352531
12.682155058128291
12.681613285442818
12.681072687742285
12.680533262478397
12.679995007108388
12.679457919095007
12.678921995906505
12.678387235016618
12.677853633904569
12.677321190055043
12.676789900958177
12.67625976410955
12.675730777010186
12.675202937166521
12.674676242090404
12.67415068929908
12.673626276315174
12.673103000666684
12.672580859886969
12.67205985151474
12.671539973094049
12.671021222174266
12.670503596310086
12.6699870930615
12.669471709993795
12.668957444677531
12.668444294688546
12.667932257607934
12.66742133102204
12.666911512522445
12.666402799705951
12.665895190174558
12.66538868153547
12.664883271401084
12.664378957388982
12.663875737121904
12.66337360822775
12.662872568339566
12.662372615095524
12.66187374613893
12.661375959118196
12.66087925168684
12.660383621503469
12.65988906623176
12.659395583540455
12.658903171103352
12.658411826599293
12.657921547712146
12.657432332130801
12.656944177549168
12.656457081666154
12.655971042185671
12.6554860568166
12.655002123272796
12.654519239273084
12.654037402541226
12.65355661080592
12.65307686180079
12.652598153264377
12.652120482940136
12.651643848576411
12.651168247926432
12.65069367874829
12.650220138804947
12.649747625864215
12.649276137698743
12.648805672086016
12.648336226808336
12.647867799652804
12.647400388411334
12.646933990880626
12.646468604862152
12.646004228162157
12.645540858591643
12.645078493966363
12.64461713210681
12.644156770838196
12.64369740799046
12.643239041398243
12.64278166890087
12.64232528834237
12.64186989757145
12.64141549444147
12.64096207681045
12.640509642541051
12.640058189500575
12.639607715560945
12.639158218598698
12.638709696494972
12.638262147135501
12.637815568410614
12.637369958215219
12.636925314448783
12.636481635015336
12.63603891782344
12.635597160786194
12.635156361821227
12.634716518850695
12.634277629801257
12.633839692604074
12.633402705194785
12.632966665513504
12.632531571504806
12.632097421117725
12.631664212305747
12.631231943026796
12.630800611243231
12.630370214921822
12.629940752033747
12.629512220554592
12.629084618464331
12.628657943747315
12.628232194392279
12.627807368392313
12.627383463744849
12.626960478451668
12.626538410518885
12.62611725795694
12.6256970187806
12.625277691008936
12.624859272665308
12.624441761777364
12.624025156377023
12.623609454500482
12.623194654188188
12.622780753484848
12.622367750439409
12.621955643105043
12.621544429539137
12.621134107803291
12.620724675963327
12.62031613208925
12.619908474255261
12.619501700539729
12.61909580902519
12.618690797798328
12.61828666494998
12.617883408575135
12.617481026772913
12.617079517646562
12.616678879303448
12.616279109855032
12.615880207416865
12.615482170108585
12.615084996053923
12.614688683380676
12.61429323022069
12.61389863470987
12.613504894988154
12.613112009199524
12.612719975491984
12.612328792017562
12.611938456932283
12.611548968396166
12.611160324573229
12.610772523631475
12.610385563742875
12.609999443083375
12.60961415983287
12.6092297121752
12.608846098298141
12.608463316393408
12.608081364656634
12.607700241287366
12.607319944489058
12.606940472469063
12.60656182343862
12.606183995612843
12.605806987210713
12.60543079645507
12.605055421572613
12.604680860793898
12.604307112353302
12.603934174489034
12.60356204544313
12.603190723461438
12.602820206793599
12.602450493693054
12.60208158241704
12.601713471226583
12.601346158386487
12.600979642165312
12.60061392083536
12.600248992672677
12.599884855957052
12.599521508972018
12.599158950004822
12.59879717734643
12.598436189291508
12.598075984138429
12.597716560189246
12.597357915749706
12.597000049129225
12.596642958640883
12.59628664260142
12.595931099331224
12.595576327154332
12.59522232439841
12.594869089394752
12.594516620478265
12.594164915987466
12.593813974264478
12.593463793655014
12.59311437250838
12.592765709177469
12.592417802018739
12.592070649392214
12.591724249661478
12.591378601193666
12.591033702359454
12.59068955153305
12.590346147092188
12.590003487418125
12.589661570895629
12.589320395912981
12.588979960861954
12.588640264137794
12.58830130413923
12.58796307926847
12.587625587931178
12.58728882853647
12.586952799496919
12.586617499228545
12.586282926150808
12.585949078686598
12.585615955262211
12.585283554307354
12.58495187425514
12.584620913542086
12.58429067060811
12.583961143896524
12.583632331853996
12.583304232930573
12.582976845579662
12.582650168258018
12.582324199425742
12.58199893754626
12.581674381086339
12.581350528516083
12.581027378308907
12.580704928941541
12.580383178894015
12.580062126649667
12.579741770695122
12.579422109520289
12.579103141618344
12.57878486548572
12.578467279622119
12.578150382530504
12.57783417271708
12.577518648691298
12.577203808965821
12.576889652056545
12.576576176482583
12.57626338076627
12.57595126343314
12.575639823011933
12.575329058034573
12.575018967036165
12.574709548555001
12.574400801132533
12.574092723313383
12.573785313645327
12.573478570679297
12.573172492969379
12.572867079072784
12.572562327549846
12.57225823696403
12.571954805881907
12.571652032873157
12.571349916510567
12.57104845537003
12.570747648030517
12.570447493074065
12.57014798908579
12.569849134653884
12.569550928369614
12.56925336882729
12.568956454624278
12.568660184360974
12.568364556640814
12.568069570070264
12.567775223258804
12.567481514818931
12.567188443366158
12.566896007519004
12.566604205898981
12.566313037130586
12.566022499841301
12.565732592661595
12.565443314224899
12.565154663167606
12.56486663812907
12.564579237751598
12.564292460680443
12.564006305563796
12.563720771052777
12.56343585580143
12.56315155846672
12.562867877708518
12.562584812189613
12.562302360575677
12.562020521535288
12.561739293739901
12.561458675863843
12.561178666584317
12.560899264581407
12.560620468538064
12.560342277140103
12.560064689076178
12.5597877030378
12.559511317719323
12.559235531817926
12.558960344033597
12.558685753069149
12.558411757630202
12.558138356425186
12.557865548165333
12.557593331564682
12.557321705340065
12.557050668211094
12.556780218900151
12.55651035613239
12.556241078635727
12.555972385140839
12.555704274381151
12.555436745092845
12.555169796014834
12.554903425888776
12.554637633459059
12.554372417472791
12.554107776679801
12.55384370983263
12.55358021568653
12.553317292999434
12.553054940531974
12.552793157047462
12.552531941311898
12.55227129209395
12.55201120816497
12.551751688298976
12.551492731272633
12.55123433586526
12.550976500858832
12.550719225037964
12.550462507189907
12.550206346104538
12.54995074057436
12.54969568939449
12.549441191362666
12.549187245279235
12.548933849947144
12.548681004171932
12.548428706761733
12.548176956527255
12.547925752281792
12.547675092841216
12.547424977023976
12.547175403651092
12.546926371546132
12.546677879535205
12.546429926446969
12.546182511112622
12.545935632365893
12.54568928904303
12.545443479982817
12.545198204026555
12.544953460018068
12.544709246803668
12.544465563232196
12.544222408154972
12.543979780425811
12.543737678901016
12.543496102439363
12.54325504990211
12.54301452015297
12.542774512058138
12.542535024486252
12.542296056308412
12.54205760639817
12.541819673631514
12.541582256886871
12.541345355045115
12.541108966989544
12.540873091605881
12.54063772778226
12.540402874409214
12.540168530379692
12.539934694589043
12.539701365935008
12.539468543317719
12.539236225639687
12.539004411805807
12.538773100723347
12.538542291301958
12.538311982453651
12.538082173092794
12.537852862136097
12.537624048502618
12.537395731113763
12.537167908893293
12.53694058076732
12.536713745664274
12.5364874025149
12.536261550252267
12.536036187811748
12.53581131413103
12.5355869281501
12.535363028811252
12.535139615059087
12.53491668584048
12.534694240104583
12.534472276802813
12.53425079488885
12.534029793318664
12.533809271050494
12.533589227044835
12.533369660264446
12.533150569674333
12.532931954241754
12.532713812936196
12.532496144729384
12.532278948595277
12.532062223510055
12.53184596845212
12.531630182402091
12.531414864342793
12.531200013259266
12.530985628138755
12.530771707970699
12.530558251746724
12.530345258460649
12.530132727108477
12.529920656688379
12.529709046200695
12.529497894647934
12.529287201034768
12.529076964368022
12.528867183656672
12.528657857911844
12.528448986146813
12.52824056737699
12.528032600619921
12.527825084895294
12.52761801922493
12.527411402632762
12.52720523414484
12.526999512789327
12.526794237596489
12.526589407598696
12.52638502183043
12.526181079328266
12.525977579130855
12.52577452027893
12.525571901815304
12.525369722784868
12.525167982234585
12.524966679213493
12.524765812772698
12.524565381965342
12.524365385846625
12.524165823473805
12.523966693906186
12.523767996205114
12.523569729433975
12.523371892658187
12.523174484945189
12.522977505364443
12.522780952987421
12.522584826887613
12.522389126140515
12.522193849823639
12.521998997016494
12.521804566800583
12.521610558259399
12.521416970478416
12.521223802545101
12.521031053548896
12.520838722581223
12.52064680873547
12.520455311106993
12.52026422879311
12.520073560893096
12.519883306508179
12.519693464741547
12.519504034698327
12.519315015485594
12.519126406212346
12.51893820598951
12.518750413929949
12.518563029148453
12.518376050761722
12.518189477888379
12.518003309648954
12.517817545165892
12.517632183563542
12.517447223968151
12.517262665507857
12.517078507312688
12.516894748514556
12.51671138824726
12.516528425646472
12.516345859849741
12.516163689996478
12.515981915227963
12.515800534687337
12.515619547519606
12.515438952871623
12.5152587498921
12.515078937731596
12.514899515542519
12.514720482479117
12.514541837697461
12.514363580355457
12.514185709612837
12.514008224631153
12.513831124573777
12.513654408605897
12.513478075894513
12.513302125608433
12.513126556918273
12.512951368996449
12.512776561017166
12.512602132156411
12.512428081591956
12.512254408503356
12.51208111207195
12.511908191480856
12.511735645914959
12.511563474560907
12.511391676607111
12.511220251243747
12.511049197662743
12.510878515057787
12.510708202624318
12.510538259559524
12.510368685062332
12.510199478333401
12.51003063857513
12.509862164991645
12.509694056788794
12.509526313174147
12.509358933356989
12.509191916548328
12.50902526196089
12.508858968809099
12.508693036309083
12.508527463678668
12.508362250137372
12.50819739490641
12.50803289720869
12.50786875626881
12.507704971313046
12.507541541569346
12.507378466267323
12.507215744638273
12.507053375915163
12.506891359332618
12.506729694126927
12.506568379536027
12.506407414799519
12.506246799158646
12.506086531856306
12.505926612137038
12.505767039247013
12.505607812434038
12.505448930947543
12.505290394038589
12.505132200959867
12.504974350965686
12.504816843311971
12.50465967725626
12.504502852057701
12.504346366977051
12.50419022127667
12.504034414220513
12.503878945074137
12.503723813104692
12.503569017580912
12.503414557773121
12.503260432953224
12.50310664239471
12.50295318537265
12.502800061163681
12.502647269046014
12.502494808299419
12.502342678205233
12.502190878046349
12.502039407107219
12.501888264673843
12.501737450033769
12.501586962476084
12.501436801291428
12.50128696577197
12.501137455211403
12.500988268904951
12.500839406149378
12.500690866242985
12.500542648485597
12.500394752178549
12.500247176624688
12.500099921128369
12.499952984995458
12.499806367533317
12.499660068050812
12.499514085858317
12.499368420267713
12.499223070592361
12.499078036147115
12.49893331624832
12.498788910213795
12.498644817362846
12.498501037016252
12.498357568496253
12.498214411126563
12.498071564232362
12.497929027140302
12.497786799178494
12.497644879676496
12.497503267965326
12.497361963377456
12.497220965246806
12.497080272908732
12.496939885700034
12.49679980295895
12.496660024025172
12.49652054823981
12.496381374945402
12.49624250348592
12.496103933206754
12.495965663454713
12.495827693578017
12.495690022926295
12.4955526508506
12.495415576703394
12.495278799838532
12.495142319611274
12.495006135378281
12.494870246497612
12.494734652328724
12.49459935223246
12.494464345571048
12.494329631708094
12.494195210008591
12.494061079838902
12.493927240566757
12.493793691561258
12.493660432192875
12.49352746183345
12.493394779856192
12.49326238563567
12.493130278547804
12.492998457969874
12.492866923280511
12.492735673859677
12.492604709088683
12.492474028350179
12.49234363102816
12.492213516507963
12.492083684176258
12.491954133421036
12.491824863631619
12.491695874198655
12.491567164514112
12.491438733971286
12.49131058196479
12.491182707890546
12.491055111145783
12.490927791129046
12.490800747240177
12.490673978880325
12.490547485451925
12.49042126635871
12.490295321005712
12.490169648799252
12.49004424914693
12.489919121457639
12.48979426514156
12.489669679610142
12.489545364276113
12.489421318553482
12.489297541857539
12.489174033604831
12.489050793213169
12.48892782010161
12.48880511369048
12.488682673401364
12.488560498657103
12.488438588881792
12.488316943500779
12.48819556194065
12.488074443629225
12.487953587995582
12.48783299447003
12.48771266248411
12.487592591470595
12.487472780863495
12.48735323009806
12.487233938610757
12.487114905839258
12.486996131222458
12.486877614200479
12.486759354214657
12.486641350707549
12.486523603122915
12.486406110905714
12.486288873502112
12.48617189035947
12.486055160926353
12.485938684652519
12.485822460988917
12.485706489387704
12.485590769302222
12.485475300186993
12.485360081497717
12.485245112691272
12.485130393225715
12.48501592256028
12.484901700155374
12.484787725472575
12.484673997974632
12.48456051712546
12.484447282390136
12.484334293234898
12.484221549127145
12.484109049535427
12.483996793929439
12.48388478178004
12.483773012559226
12.483661485740127
12.483550200797023
12.483439157205334
12.483328354441634
12.483217791983629
12.483107469310152
12.482997385901168
12.482887541237758
12.48277793480213
12.482668566077617
12.482559434548673
12.48245053970088
12.482341881020945
12.482233457996687
12.482125270117017
12.482017316871953
12.481909597752635
12.481802112251298
12.481694859861275
12.481587840077001
12.481481052394003
12.481374496308904
12.48126817131942
12.481162076924356
12.481056212623608
12.480950577918163
12.48084517231008
12.480739995302498
12.480635046399641
12.480530325106802
12.480425830930356
12.480321563377741
12.48021752195746
12.48011370617909
12.48001011555326
12.479906749591652
12.479803607807012
12.479700689713157
12.479597994824953
12.479495522658318
12.479393272730213
12.479291244558665
12.479189437662754
12.479087851562602
12.478986485779354
12.478885339835172
12.478784413253228
12.478683705557714
12.478583216273854
12.478482944927947
12.478382891047408
12.478283054160778
12.47818343379769
12.478084029488773
12.477984840765496
12.477885867160026
12.477787108205183
12.477688563434546
12.477590232382797
12.47749211458623
12.477394209583316
12.477296516914967
12.477199036124059
12.477101766754098
12.477004708347316
12.476907860442598
12.476811222574494
12.476714794274926
12.47661857507794
12.476522564526885
12.476426762182353
12.476331167625872
12.476235780453404
12.476140600257002
12.47604562659823
12.475950858979187
12.475856296828606
12.475761939526242
12.475667786469906
12.475573837176357
12.47548009139074
12.475386549137216
12.475293210628534
12.475200076013499
12.475107145012108
12.475014416511591
12.474921888360319
12.474829557688015
12.47473742182692
12.47464547970862
12.474553733385775
12.474462188768303
12.474370854411667
12.47427973802728
12.474188841387496
12.474098154649155
12.47400765348505
12.473917303612408
12.473827073783879
12.473736955379541
12.473646983475584
12.473557246731296
12.473467870043773
12.473378965693508
12.47329056183425
12.47320252342636
12.47311451403804
12.473026060289879
12.47293673481785
12.472846431173464
12.472755655825573
12.472665662986092
12.472578213027274
12.472494900003957
12.472416162463832
12.472340181135023
12.47226232730025
12.472176009472939
12.472075178346278
12.471958123633097
12.471831542139036
12.471712512127977
12.471625257405165
12.471591857762375
12.471618346737056
12.471679223324879
12.4717099276352
12.471618979797976
12.471323161648398
12.47080033081003
12.470145919522986
12.469599814100956
12.469499979796995
12.470152428030833
12.471636066827978
12.473586580908046
12.47509582063692
12.474887433959996
12.471811946657159
12.465582371848576
12.457601459526522
12.451663453349587
12.454240774014611
12.474218987423118
12.522201653789518
12.609510494253218
12.746910249431615
12.943037105131136
13.20253231372035
13.524048052982577
13.89852715895158
14.30899418881581
14.733534256458364
15.151660714684578
15.553421603689493
15.949756397183267
16.3798339055797
16.9110529150961
17.63069209500624
18.63093138357231
19.990471171923765
21.75873170648566
23.950015222027943
26.54977805341639
29.53066527498598
32.874159242085845
36.589089666233015
40.71800232037107
45.328714278445496
50.49392246893535
56.26419049011195
62.64503210821934
69.59187666092008
77.0268621186716
84.87330234640933
93.09994581503517
101.75792613710803
110.99249549747388
121.02367948087549
132.1015893414762
144.44688064818183
158.19573698231162
173.373937672802
189.90715982852365
207.66022922365391
226.49420629304066
246.32068960753375
267.13177270510903
288.9976152588446
312.0367580465471
336.36869027898626
362.06367942382377
389.1083336760011
417.39258361221897
446.71370457008493
476.79377468484637
507.3066435054933
537.9111527377195
568.287955304347
598.1766359532629
627.411154396393
655.944417684056
683.8472934679334
711.2799613936263
738.4422963456964
765.5130742870892
792.5965780180572
819.6975915283166
846.7329590121508
873.5727242848517
900.0996326351002
926.2654174117132
952.1165075051022
977.7817394888772
1003.4298126205441
1029.208803060869
1055.1893928701104
1081.3362218371938
1107.5174058515545
1133.5451801097622
1159.2356071456968
1184.4653081482597
1209.1988098327256
1233.479034661912
1257.388117723184
1280.9911427474985
1304.2844759371794
1327.1736034764579
1349.4902996331957
1371.041384688454
1391.6766485437784
1411.3517701436283
1430.1572182361413
1448.3048921388286
1466.0803749050715
1483.7740206026535
1501.6099974118972
1519.6944507147905
1537.9936366822285
1556.3370545591613
1574.4382727423815
1591.9304581735894
1608.4138297840784
1623.5125209699017
1636.9366792677324
1648.5416282116878
1658.369661117273
1666.6542054487775
1673.778913087364
1680.2015899168327
1686.3581121179927
1692.574074935918
1699.0135463024249
1705.6729521415061
1712.4130216822834
1719.0158562964002
1725.2469789825777
1730.8998783121683
1735.8133649088306
1739.8658607291504
1742.9540450486795
1744.96772723588
1745.7735751136659
1745.2124302943198
1743.1086535429777
1739.2873518462552
1733.5929350836425
1725.9017402760232
1716.1258343928498
1704.2094363084257
1690.120318122399
1673.83986485856
1655.3555215696485
1634.6570932394952
1611.736615101114
1586.5907266568279
1559.2239626054816
1529.6512750615902
1497.8990337549099
1464.0047054255124
1428.015594768887
1389.9871800565322
1349.9815958094177
1308.0665123272192
1264.314406442701
1218.802123512907
1171.6105704075394
1122.8243566419926
1072.5313099811372
1020.8218968236708
967.7885891011148
913.5252384080426
858.1265215876558
801.6874851235972
744.3031830715158
686.0683917578261
627.0773841323203
567.423748257443
507.20023844262386
446.4986524733319
385.40972365637896
324.02300252300387
262.42669765710696
200.7074669188624
138.950176270121
77.23765154334534
15.650515319431857
-45.73276129490935
-106.83556144766146
-167.58263187153764
-227.89951856492013
-287.71215857892
-346.94687755152444
-405.5308786396597
-463.39311467712133
-520.4653903519398
-576.6834128434973
-631.9874243189696
-686.3223222363995
-739.6373694131734
-791.8856202994417
-843.0232966044414
-893.0093747194849
-941.8054916199144
-989.376116556897
-1035.6888930504358
-1080.7149491728912
-1124.428925043432
-1166.8086507064638
-1207.8345481563063
-1247.4888859390423
-1285.755107229349
-1322.6174866182128
-1358.0612196675906
-1392.0728617289
-1424.6409835939164
-1455.7568085360801
-1485.414546652551
-1513.6113380987254
-1540.3468727938532
-1565.622802946299
-1589.442119267669
-1611.8086802367789
-1632.726992031772
-1652.2021986204552
-1670.2402130291225
-1686.8479335140673
-1702.0334794925877
-1715.8064099711937
-1728.177915149712
-1739.160971489397
-1748.7704448294844
-1757.0231175743522
-1763.9376295542081
-1769.53435098754
-1773.835211260397
-1776.8635106631061
-1778.6437453497915
-1779.2014588611892
-1778.5631193147924
-1776.7560175592855
-1773.808178911162
-1769.7482805137438
-1764.6055701740838
-1758.409786763598
-1751.1910831895682
-1742.9799533929713
-1733.8071650453044
-1723.7036983667597
-1712.7006904520824
-1700.8293841849206
-1688.121080469534
-1674.6070924174164
-1660.318700855244
-1645.2871111049847
-1629.5434114150473
-1613.1185345048805
-1596.0432239850832
-1578.3480060766358
-1560.0631655596167
-1541.2187239802868
-1521.8444148569429
-1501.9696490563629
-1481.6234691499208
-1460.8344951272666
-1439.6308686200275
-1418.0402161294458
-1396.0896556025123
-1373.8058525627284
-1351.2151114428543
-1328.3434840765037
-1305.216854498827
-1281.8609403997884
-1258.3011959451712
-1234.562637983022
-1210.6696280788105
-1186.6456695759118
-1162.513277011095
-1138.293938032123
-1114.0081571262524
-1089.6755548748158
-1065.314986868834
-1040.9446446526804
-1040.9446446526804
-1040.9446446526804
-1040.9446446526804
-1016.5821516305404
-1016.5821516305404
-1016.5821516305404
-992.2446612874224
-967.9488007114513
-943.7105270989185
-919.5451620612702
-895.4674841598244
-871.4917479803845
-847.6316925638339
-823.9005501998463
-800.3110532767672
-776.875438453644
-753.6054488217006
-730.5123348999614
-707.6068557247717
-684.8992813574181
-662.3993973702212
-640.1165111064404
-618.0594592312078
-596.2366151168985
-574.6558941099357
-553.3247560997286
-532.2502060643814
-511.4387946209131
-490.8966234312789
-470.6293614295639
-450.642273236757
-430.9402564167481
-411.5278818982621
-392.4094193182856
-373.5888240844852
-355.06967941450165
-336.85510320116964
-318.94764286227337
-301.3491945710019
-284.0609903634181
-267.08367213973355
-250.41743447518934
-234.06221062122862
-218.01786591168147
-202.28435692377525
-186.86184635704066
-171.75077881284938
-156.9519136761677
-142.46630879914014
-128.29524046115571
-114.44005627813678
-100.90198006950924
-87.68189359143426
-74.7801456760642
-62.19644806649295
-49.92987282022669
-37.978933668640465
-26.34172160378854
-15.016042578582596
-3.9994987205734898
6.710508381875509
17.116839353511743
27.222718567494926
37.03181852384283
46.54826457362334
55.776543354113976
64.72133350503829
73.3872921217407
81.77884766577561
89.90006092931984
97.75458295871452
105.34569211978854
112.67638455561539
119.74948960406581
126.56777871067516
133.13405342678814
139.45121124657587
145.5222894993511
151.35047895111083
156.93909309173176
162.29149418721877
167.41098420766514
172.30067834331177
176.96341088995436
181.40172220926993
185.61793898476046
189.6143303611849
193.3933076218649
196.95761504145418
200.31044732656946
203.45547024572681
206.39676376423245
209.13871250031792
211.68587878454036
214.04289669345516
216.21440362601595
218.20500679604805
220.01927519119562
221.66174145621633
223.136895819422
224.4491649674225
225.60287818891402
226.60222911466698
227.4512549167602
228.15385919708498
228.71388537205522
229.13522551455364
229.42194724198004
229.57839736111978
229.60922175420865
229.5192872982507
229.31352787265587
228.99674496085126
228.57341750839444
228.04757681735626
227.42276930488734
226.70209722798776
225.8883127386943
224.98393514741088
223.9913602728023
222.91294785169555
221.75108834537244
220.50824802446752
219.18698318327495
217.78991007800454
216.31962967579057
214.77862169334102
213.16912189992158
211.4930236657941
209.75186424382895
207.94690838773508
206.07930695788482
204.15029838342014
202.16139833271407
200.114519594151
198.01199725203097
195.85653373184272
193.65109074278465
191.39876334601837
189.10267627637708
186.7659187561304
184.391513430395
181.98241050285134
179.5414911801413
177.07156289475807
174.57533933685087
172.05540839879316
169.51419548864206
166.953943896162
164.37673901782063
161.7845842046323
159.17951661004523
156.56373709992621
153.9397125376441
151.3101986610821
148.67816191928628
146.0466217829371
143.41844635824873
140.79615839063177
138.18181645470423
135.5769882219567
132.98280048408643
130.4000433224788
127.82929326593802
125.27101844105151
122.72564799532113
120.19360935660578
117.67534175012511
115.17129572328203
112.68192983301829
110.2077098791614
107.74911104833531
105.30662203499213
102.88074929978733
100.4720193940209
98.08097845870317
95.70818941591237
93.35422758107592
91.01967523489527
88.70511566431279
86.4111270341023
84.13827639561153
81.88711425362662
79.65817080026228
77.45195531270411
75.26895893790554
73.10966033000952
70.97453241227754
68.86404496874522
66.77865713570877
64.71879833297726
62.684840919207105
60.67707087314928
58.695673898326355
56.74076014350319
54.812431816795595
52.91088578651214
51.0365333833023
49.19009279073353
47.37261077706236
45.58540186052882
43.829919037165126
42.107581494456426
40.419592446533954
38.7667865103422
37.14952379311228
35.56762097092161
34.02031849804715
32.50630349510732
31.023806860716302
29.57077424767322
28.145090056658137
26.744825892781368
25.36845354784308
24.01494026676319
22.683704543250045
21.37446085526991
20.08699707853392
18.820965190084284
17.575768615381257
16.350576366049786
15.144442365567267
13.95649311916929
12.78612159458837
11.633107532755668
10.497640327396033
9.38026439468704
8.28176930396405
7.20306209300574
6.1450622584460355
5.108637473086972
4.094576520092591
3.103589040695117
2.1363156074905723
1.1933289192851384
0.27511893099560214
-0.617935191746396
-1.485597594141706
-2.3277914987764374
-3.1445718262746527
-3.9360476200039614
-4.702268048146717
-5.443088534727738
-6.158061913892171
-6.846416207023814
-7.5071327939442
-8.139102971894632
-8.741329196883012
-9.313116806817142
-9.854197587428237
-10.364758799276318
-10.845392920123931
-11.296994859533548
-11.720639475726239
-12.117476671157274
-12.488659476219372
-12.835302131575961
-13.15846254113712
-13.459141103732165
-13.738288201906526
-13.996815482690685
-14.235609149146772
-14.455543112974999
-14.657483016553352
-14.842270320608398
-15.01068353286186
-15.16338221313006
-15.30084875904812
-15.42336479186224
-15.531070214982373
-15.62411542380814
-15.702885918730203
-15.768262260564141
-15.821815334740108
-15.865828509294735
-15.903124443619708
-15.93673720026665
-15.969499147576604
-16.003649431140623
-16.040591513000003
-16.080856429647362
-16.12423259813722
-16.170001891513675
-16.21719530554269
-16.264768566839013
-16.311658836686135
-16.356740267776452
-16.398716417112134
-16.436014932306946
-16.466768343814213
-16.48891322177608
-16.50038533390785
-16.49936905649958
-16.48451600134078
-16.45504536409031
-16.410700736828215
-16.35158809152167
-16.277941173107827
-16.189890895454855
-16.087332759230435
-15.969927222251581
-15.837209069991081
-15.688767397876761
-15.524431011124513
-15.34439679034198
-15.149279243118217
-14.94008718872359
-14.718147265117134
-14.48499193912203
-14.242224057872562
-14.242224057872562
