0.0
3.1554436208840472e-30
0.001953125
0.00390625
0.005859375
0.0078125
0.009765625
0.01171875
0.013671875
0.015625
0.017578125
0.01953125
0.021484375
0.0234375
0.025390625
0.02734375
0.029296875
0.03125
0.033203125
0.03515625
0.037109375
0.0390625
0.041015625
0.04296875
0.044921875
0.046875
0.048828125
0.05078125
0.052734375
0.0546875
0.056640625
0.05859375
0.060546875
0.0625
0.064453125
0.06640625
0.068359375
0.0703125
0.072265625
0.07421875
0.076171875
0.078125
0.080078125
0.08203125
0.083984375
0.0859375
0.087890625
0.08984375
0.091796875
0.09375
0.095703125
0.09765625
0.099609375
0.1015625
0.103515625
0.10546875
0.107421875
0.109375
0.111328125
0.11328125
0.115234375
0.1171875
0.119140625
0.12109375
0.123046875
0.125
0.126953125
0.12890625
0.130859375
0.1328125
0.134765625
0.13671875
0.138671875
0.140625
0.142578125
0.14453125
0.146484375
0.1484375
0.150390625
0.15234375
0.154296875
0.15625
0.158203125
0.16015625
0.162109375
0.1640625
0.166015625
0.16796875
0.169921875
0.171875
0.173828125
0.17578125
0.177734375
0.1796875
0.181640625
0.18359375
0.185546875
0.1875
0.189453125
0.19140625
0.193359375
0.1953125
0.197265625
0.19921875
0.201171875
0.203125
0.205078125
0.20703125
0.208984375
0.2109375
0.212890625
0.21484375
0.216796875
0.21875
0.220703125
0.22265625
0.224609375
0.2265625
0.228515625
0.23046875
0.232421875
0.234375
0.236328125
0.23828125
0.240234375
0.2421875
0.244140625
0.24609375
0.248046875
0.25
0.251953125
0.25390625
0.255859375
0.2578125
0.259765625
0.26171875
0.263671875
0.265625
0.267578125
0.26953125
0.271484375
0.2734375
0.275390625
0.27734375
0.279296875
0.28125
0.283203125
0.28515625
0.287109375
0.2890625
0.291015625
0.29296875
0.294921875
0.296875
0.298828125
0.30078125
0.302734375
0.3046875
0.306640625
0.30859375
0.310546875
0.3125
0.314453125
0.31640625
0.318359375
0.3203125
0.322265625
0.32421875
0.326171875
0.328125
0.330078125
0.33203125
0.333984375
0.3359375
0.337890625
0.33984375
0.341796875
0.34375
0.345703125
0.34765625
0.349609375
0.3515625
0.353515625
0.35546875
0.357421875
0.359375
0.361328125
0.36328125
0.365234375
0.3671875
0.369140625
0.37109375
0.373046875
0.375
0.376953125
0.37890625
0.380859375
0.3828125
0.384765625
0.38671875
0.388671875
0.390625
0.392578125
0.39453125
0.396484375
0.3984375
0.400390625
0.40234375
0.404296875
0.40625
0.408203125
0.41015625
0.412109375
0.4140625
0.416015625
0.41796875
0.419921875
0.421875
0.423828125
0.42578125
0.427734375
0.4296875
0.431640625
0.43359375
0.435546875
0.4375
0.439453125
0.44140625
0.443359375
0.4453125
0.447265625
0.44921875
0.451171875
0.453125
0.455078125
0.45703125
0.458984375
0.4609375
0.462890625
0.46484375
0.466796875
0.46875
0.470703125
0.47265625
0.474609375
0.4765625
0.478515625
0.48046875
0.482421875
0.484375
0.486328125
0.48828125
0.490234375
0.4921875
0.494140625
0.49609375
0.498046875
0.5
0.501953125
0.50390625
0.505859375
0.5078125
0.509765625
0.51171875
0.513671875
0.515625
0.517578125
0.51953125
0.521484375
0.5234375
0.525390625
0.52734375
0.529296875
0.53125
0.533203125
0.53515625
0.537109375
0.5390625
0.541015625
0.54296875
0.544921875
0.546875
0.548828125
0.55078125
0.552734375
0.5546875
0.556640625
0.55859375
0.560546875
0.5625
0.564453125
0.56640625
0.568359375
0.5703125
0.572265625
0.57421875
0.576171875
0.578125
0.580078125
0.58203125
0.583984375
0.5859375
0.587890625
0.58984375
0.591796875
0.59375
0.595703125
0.59765625
0.599609375
0.6015625
0.603515625
0.60546875
0.607421875
0.609375
0.611328125
0.61328125
0.615234375
0.6171875
0.619140625
0.62109375
0.623046875
0.625
0.626953125
0.62890625
0.630859375
0.6328125
0.634765625
0.63671875
0.638671875
0.640625
0.642578125
0.64453125
0.646484375
0.6484375
0.650390625
0.65234375
0.654296875
0.65625
0.658203125
0.66015625
0.662109375
0.6640625
0.666015625
0.66796875
0.669921875
0.671875
0.673828125
0.67578125
0.677734375
0.6796875
0.681640625
0.68359375
0.685546875
0.6875
0.689453125
0.69140625
0.693359375
0.6953125
0.697265625
0.69921875
0.701171875
0.703125
0.705078125
0.70703125
0.708984375
0.7109375
0.712890625
0.71484375
0.716796875
0.71875
0.720703125
0.72265625
0.724609375
0.7265625
0.728515625
0.73046875
0.732421875
0.734375
0.736328125
0.73828125
0.740234375
0.7421875
0.744140625
0.74609375
0.748046875
0.75
0.751953125
0.75390625
0.755859375
0.7578125
0.759765625
0.76171875
0.763671875
0.765625
0.767578125
0.76953125
0.771484375
0.7734375
0.775390625
0.77734375
0.779296875
0.78125
0.783203125
0.78515625
0.787109375
0.7890625
0.791015625
0.79296875
0.794921875
0.796875
0.798828125
0.80078125
0.802734375
0.8046875
0.806640625
0.80859375
0.810546875
0.8125
0.814453125
0.81640625
0.818359375
0.8203125
0.822265625
0.82421875
0.826171875
0.828125
0.830078125
0.83203125
0.833984375
0.8359375
0.837890625
0.83984375
0.841796875
0.84375
0.845703125
0.84765625
0.849609375
0.8515625
0.853515625
0.85546875
0.857421875
0.859375
0.861328125
0.86328125
0.865234375
0.8671875
0.869140625
0.87109375
0.873046875
0.875
0.876953125
0.87890625
0.880859375
0.8828125
0.884765625
0.88671875
0.888671875
0.890625
0.892578125
0.89453125
0.896484375
0.8984375
0.900390625
0.90234375
0.904296875
0.90625
0.908203125
0.91015625
0.912109375
0.9140625
0.916015625
0.91796875
0.919921875
0.921875
0.923828125
0.92578125
0.927734375
0.9296875
0.931640625
0.93359375
0.935546875
0.9375
0.939453125
0.94140625
0.943359375
0.9453125
0.947265625
0.94921875
0.951171875
0.953125
0.955078125
0.95703125
0.958984375
0.9609375
0.962890625
0.96484375
0.966796875
0.96875
0.970703125
0.97265625
0.974609375
0.9765625
0.978515625
0.98046875
0.982421875
0.984375
0.986328125
0.98828125
0.990234375
0.9921875
0.994140625
0.99609375
0.998046875
1.0
1.001953125
1.00390625
1.005859375
1.0078125
1.009765625
1.01171875
1.013671875
1.015625
1.017578125
1.01953125
1.021484375
1.0234375
1.025390625
1.02734375
1.029296875
1.03125
1.033203125
1.03515625
1.037109375
1.0390625
1.041015625
1.04296875
1.044921875
1.046875
1.048828125
1.05078125
1.052734375
1.0546875
1.056640625
1.05859375
1.060546875
1.0625
1.064453125
1.06640625
1.068359375
1.0703125
1.072265625
1.07421875
1.076171875
1.078125
1.080078125
1.08203125
1.083984375
1.0859375
1.087890625
1.08984375
1.091796875
1.09375
1.095703125
1.09765625
1.099609375
1.1015625
1.103515625
1.10546875
1.107421875
1.109375
1.111328125
1.11328125
1.115234375
1.1171875
1.119140625
1.12109375
1.123046875
1.125
1.126953125
1.12890625
1.130859375
1.1328125
1.134765625
1.13671875
1.138671875
1.140625
1.142578125
1.14453125
1.146484375
1.1484375
1.150390625
1.15234375
1.154296875
1.15625
1.158203125
1.16015625
1.162109375
1.1640625
1.166015625
1.16796875
1.169921875
1.171875
1.173828125
1.17578125
1.177734375
1.1796875
1.181640625
1.18359375
1.185546875
1.1875
1.189453125
1.19140625
1.193359375
1.1953125
1.197265625
1.19921875
1.201171875
1.203125
1.205078125
1.20703125
1.208984375
1.2109375
1.212890625
1.21484375
1.216796875
1.21875
1.220703125
1.22265625
1.224609375
1.2265625
1.228515625
1.23046875
1.232421875
1.234375
1.236328125
1.23828125
1.240234375
1.2421875
1.244140625
1.24609375
1.248046875
1.25
1.251953125
1.25390625
1.255859375
1.2578125
1.259765625
1.26171875
1.263671875
1.265625
1.267578125
1.26953125
1.271484375
1.2734375
1.275390625
1.27734375
1.279296875
1.28125
1.283203125
1.28515625
1.287109375
1.2890625
1.291015625
1.29296875
1.294921875
1.296875
1.298828125
1.30078125
1.302734375
1.3046875
1.306640625
1.30859375
1.310546875
1.3125
1.314453125
1.31640625
1.318359375
1.3203125
1.322265625
1.32421875
1.326171875
1.328125
1.330078125
1.33203125
1.333984375
1.3359375
1.337890625
1.33984375
1.341796875
1.34375
1.345703125
1.34765625
1.349609375
1.3515625
1.353515625
1.35546875
1.357421875
1.359375
1.361328125
1.36328125
1.365234375
1.3671875
1.369140625
1.37109375
1.373046875
1.375
1.376953125
1.37890625
1.380859375
1.3828125
1.384765625
1.38671875
1.388671875
1.390625
1.392578125
1.39453125
1.396484375
1.3984375
1.400390625
1.40234375
1.404296875
1.40625
1.408203125
1.41015625
1.412109375
1.4140625
1.416015625
1.41796875
1.419921875
1.421875
1.423828125
1.42578125
1.427734375
1.4296875
1.431640625
1.43359375
1.435546875
1.4375
1.439453125
1.44140625
1.443359375
1.4453125
1.447265625
1.44921875
1.451171875
1.453125
1.455078125
1.45703125
1.458984375
1.4609375
1.462890625
1.46484375
1.466796875
1.46875
1.470703125
1.47265625
1.474609375
1.4765625
1.478515625
1.48046875
1.482421875
1.484375
1.486328125
1.48828125
1.490234375
1.4921875
1.494140625
1.49609375
1.498046875
1.5
1.501953125
1.50390625
1.505859375
1.5078125
1.509765625
1.51171875
1.513671875
1.515625
1.517578125
1.51953125
1.521484375
1.5234375
1.525390625
1.52734375
1.529296875
1.53125
1.533203125
1.53515625
1.537109375
1.5390625
1.541015625
1.54296875
1.544921875
1.546875
1.548828125
1.55078125
1.552734375
1.5546875
1.556640625
1.55859375
1.560546875
1.5625
1.564453125
1.56640625
1.568359375
1.5703125
1.572265625
1.57421875
1.576171875
1.578125
1.580078125
1.58203125
1.583984375
1.5859375
1.587890625
1.58984375
1.591796875
1.59375
1.595703125
1.59765625
1.599609375
1.6015625
1.603515625
1.60546875
1.607421875
1.609375
1.611328125
1.61328125
1.615234375
1.6171875
1.619140625
1.62109375
1.623046875
1.625
1.626953125
1.62890625
1.630859375
1.6328125
1.634765625
1.63671875
1.638671875
1.640625
1.642578125
1.64453125
1.646484375
1.6484375
1.650390625
1.65234375
1.654296875
1.65625
1.658203125
1.66015625
1.662109375
1.6640625
1.666015625
1.66796875
1.669921875
1.671875
1.673828125
1.67578125
1.677734375
1.6796875
1.681640625
1.68359375
1.685546875
1.6875
1.689453125
1.69140625
1.693359375
1.6953125
1.697265625
1.69921875
1.701171875
1.703125
1.705078125
1.70703125
1.708984375
1.7109375
1.712890625
1.71484375
1.716796875
1.71875
1.720703125
1.72265625
1.724609375
1.7265625
1.728515625
1.73046875
1.732421875
1.734375
1.736328125
1.73828125
1.740234375
1.7421875
1.744140625
1.74609375
1.748046875
1.75
1.751953125
1.75390625
1.755859375
1.7578125
1.759765625
1.76171875
1.763671875
1.765625
1.767578125
1.76953125
1.771484375
1.7734375
1.775390625
1.77734375
1.779296875
1.78125
1.783203125
1.78515625
1.787109375
1.7890625
1.791015625
1.79296875
1.794921875
1.796875
1.798828125
1.80078125
1.802734375
1.8046875
1.806640625
1.80859375
1.810546875
1.8125
1.814453125
1.81640625
1.818359375
1.8203125
1.822265625
1.82421875
1.826171875
1.828125
1.830078125
1.83203125
1.833984375
1.8359375
1.837890625
1.83984375
1.841796875
1.84375
1.845703125
1.84765625
1.849609375
1.8515625
1.853515625
1.85546875
1.857421875
1.859375
1.861328125
1.86328125
1.865234375
1.8671875
1.869140625
1.87109375
1.873046875
1.875
1.876953125
1.87890625
1.880859375
1.8828125
1.884765625
1.88671875
1.888671875
1.890625
1.892578125
1.89453125
1.896484375
1.8984375
1.900390625
1.90234375
1.904296875
1.90625
1.908203125
1.91015625
1.912109375
1.9140625
1.916015625
1.91796875
1.919921875
1.921875
1.923828125
1.92578125
1.927734375
1.9296875
1.931640625
1.93359375
1.935546875
1.9375
1.939453125
1.94140625
1.943359375
1.9453125
1.947265625
1.94921875
1.951171875
1.953125
1.955078125
1.95703125
1.958984375
1.9609375
1.962890625
1.96484375
1.966796875
1.96875
1.970703125
1.97265625
1.974609375
1.9765625
1.978515625
1.98046875
1.982421875
1.984375
1.986328125
1.98828125
1.990234375
1.9921875
1.994140625
1.99609375
1.998046875
2.0
2.001953125
2.00390625
2.005859375
2.0078125
2.009765625
2.01171875
2.013671875
2.015625
2.017578125
2.01953125
2.021484375
2.0234375
2.025390625
2.02734375
2.029296875
2.03125
2.033203125
2.03515625
2.037109375
2.0390625
2.041015625
2.04296875
2.044921875
2.046875
2.048828125
2.05078125
2.052734375
2.0546875
2.056640625
2.05859375
2.060546875
2.0625
2.064453125
2.06640625
2.068359375
2.0703125
2.072265625
2.07421875
2.076171875
2.078125
2.080078125
2.08203125
2.083984375
2.0859375
2.087890625
2.08984375
2.091796875
2.09375
2.095703125
2.09765625
2.099609375
2.1015625
2.103515625
2.10546875
2.107421875
2.109375
2.111328125
2.11328125
2.115234375
2.1171875
2.119140625
2.12109375
2.123046875
2.125
2.126953125
2.12890625
2.130859375
2.1328125
2.134765625
2.13671875
2.138671875
2.140625
2.142578125
2.14453125
2.146484375
2.1484375
2.150390625
2.15234375
2.154296875
2.15625
2.158203125
2.16015625
2.162109375
2.1640625
2.166015625
2.16796875
2.169921875
2.171875
2.173828125
2.17578125
2.177734375
2.1796875
2.181640625
2.18359375
2.185546875
2.1875
2.189453125
2.19140625
2.193359375
2.1953125
2.197265625
2.19921875
2.201171875
2.203125
2.205078125
2.20703125
2.208984375
2.2109375
2.212890625
2.21484375
2.216796875
2.21875
2.220703125
2.22265625
2.224609375
2.2265625
2.228515625
2.23046875
2.232421875
2.234375
2.236328125
2.23828125
2.240234375
2.2421875
2.244140625
2.24609375
2.248046875
2.25
2.251953125
2.25390625
2.255859375
2.2578125
2.259765625
2.26171875
2.263671875
2.265625
2.267578125
2.26953125
2.271484375
2.2734375
2.275390625
2.27734375
2.279296875
2.28125
2.283203125
2.28515625
2.287109375
2.2890625
2.291015625
2.29296875
2.294921875
2.296875
2.298828125
2.30078125
2.302734375
2.3046875
2.306640625
2.30859375
2.310546875
2.3125
2.314453125
2.31640625
2.318359375
2.3203125
2.322265625
2.32421875
2.326171875
2.328125
2.330078125
2.33203125
2.333984375
2.3359375
2.337890625
2.33984375
2.341796875
2.34375
2.345703125
2.34765625
2.349609375
2.3515625
2.353515625
2.35546875
2.357421875
2.359375
2.361328125
2.36328125
2.365234375
2.3671875
2.369140625
2.37109375
2.373046875
2.375
2.376953125
2.37890625
2.380859375
2.3828125
2.384765625
2.38671875
2.388671875
2.390625
2.392578125
2.39453125
2.396484375
2.3984375
2.400390625
2.40234375
2.404296875
2.40625
2.408203125
2.41015625
2.412109375
2.4140625
2.416015625
2.41796875
2.419921875
2.421875
2.423828125
2.42578125
2.427734375
2.4296875
2.431640625
2.43359375
2.435546875
2.4375
2.439453125
2.44140625
2.443359375
2.4453125
2.447265625
2.44921875
2.451171875
2.453125
2.455078125
2.45703125
2.458984375
2.4609375
2.462890625
2.46484375
2.466796875
2.46875
2.470703125
2.47265625
2.474609375
2.4765625
2.478515625
2.48046875
2.482421875
2.484375
2.486328125
2.48828125
2.490234375
2.4921875
2.494140625
2.49609375
2.498046875
2.5
2.501953125
2.50390625
2.505859375
2.5078125
2.509765625
2.51171875
2.513671875
2.515625
2.517578125
2.51953125
2.521484375
2.5234375
2.525390625
2.52734375
2.529296875
2.53125
2.533203125
2.53515625
2.537109375
2.5390625
2.541015625
2.54296875
2.544921875
2.546875
2.548828125
2.55078125
2.552734375
2.5546875
2.556640625
2.55859375
2.560546875
2.5625
2.564453125
2.56640625
2.568359375
2.5703125
2.572265625
2.57421875
2.576171875
2.578125
2.580078125
2.58203125
2.583984375
2.5859375
2.587890625
2.58984375
2.591796875
2.59375
2.595703125
2.59765625
2.599609375
2.6015625
2.603515625
2.60546875
2.607421875
2.609375
2.611328125
2.61328125
2.615234375
2.6171875
2.619140625
2.62109375
2.623046875
2.625
2.626953125
2.62890625
2.630859375
2.6328125
2.634765625
2.63671875
2.638671875
2.640625
2.642578125
2.64453125
2.646484375
2.6484375
2.650390625
2.65234375
2.654296875
2.65625
2.658203125
2.66015625
2.662109375
2.6640625
2.666015625
2.66796875
2.669921875
2.671875
2.673828125
2.67578125
2.677734375
2.6796875
2.681640625
2.68359375
2.685546875
2.6875
2.689453125
2.69140625
2.693359375
2.6953125
2.697265625
2.69921875
2.701171875
2.703125
2.705078125
2.70703125
2.708984375
2.7109375
2.712890625
2.71484375
2.716796875
2.71875
2.720703125
2.72265625
2.724609375
2.7265625
2.728515625
2.73046875
2.732421875
2.734375
2.736328125
2.73828125
2.740234375
2.7421875
2.744140625
2.74609375
2.748046875
2.75
2.751953125
2.75390625
2.755859375
2.7578125
2.759765625
2.76171875
2.763671875
2.765625
2.767578125
2.76953125
2.771484375
2.7734375
2.775390625
2.77734375
2.779296875
2.78125
2.783203125
2.78515625
2.787109375
2.7890625
2.791015625
2.79296875
2.794921875
2.796875
2.798828125
2.80078125
2.802734375
2.8046875
2.806640625
2.80859375
2.810546875
2.8125
2.814453125
2.81640625
2.818359375
2.8203125
2.822265625
2.82421875
2.826171875
2.828125
2.830078125
2.83203125
2.833984375
2.8359375
2.837890625
2.83984375
2.841796875
2.84375
2.845703125
2.84765625
2.849609375
2.8515625
2.853515625
2.85546875
2.857421875
2.859375
2.861328125
2.86328125
2.865234375
2.8671875
2.869140625
2.87109375
2.873046875
2.875
2.876953125
2.87890625
2.880859375
2.8828125
2.884765625
2.88671875
2.888671875
2.890625
2.892578125
2.89453125
2.896484375
2.8984375
2.900390625
2.90234375
2.904296875
2.90625
2.908203125
2.91015625
2.912109375
2.9140625
2.916015625
2.91796875
2.919921875
2.921875
2.923828125
2.92578125
2.927734375
2.9296875
2.931640625
2.93359375
2.935546875
2.9375
2.939453125
2.94140625
2.943359375
2.9453125
2.947265625
2.94921875
2.951171875
2.953125
2.955078125
2.95703125
2.958984375
2.9609375
2.962890625
2.96484375
2.966796875
2.96875
2.970703125
2.97265625
2.974609375
2.9765625
2.978515625
2.98046875
2.982421875
2.984375
2.986328125
2.98828125
2.990234375
2.9921875
2.994140625
2.99609375
2.998046875
3.0
3.001953125
3.00390625
3.005859375
3.0078125
3.009765625
3.01171875
3.013671875
3.015625
3.017578125
3.01953125
3.021484375
3.0234375
3.025390625
3.02734375
3.029296875
3.03125
3.033203125
3.03515625
3.037109375
3.0390625
3.041015625
3.04296875
3.044921875
3.046875
3.048828125
3.05078125
3.052734375
3.0546875
3.056640625
3.05859375
3.060546875
3.0625
3.064453125
3.06640625
3.068359375
3.0703125
3.072265625
3.07421875
3.076171875
3.078125
3.080078125
3.08203125
3.083984375
3.0859375
3.087890625
3.08984375
3.091796875
3.09375
3.095703125
3.09765625
3.099609375
3.1015625
3.103515625
3.10546875
3.107421875
3.109375
3.111328125
3.11328125
3.115234375
3.1171875
3.119140625
3.12109375
3.123046875
3.125
3.126953125
3.12890625
3.130859375
3.1328125
3.134765625
3.13671875
3.138671875
3.140625
3.142578125
3.14453125
3.146484375
3.1484375
3.150390625
3.15234375
3.154296875
3.15625
3.158203125
3.16015625
3.162109375
3.1640625
3.166015625
3.16796875
3.169921875
3.171875
3.173828125
3.17578125
3.177734375
3.1796875
3.181640625
3.18359375
3.185546875
3.1875
3.189453125
3.19140625
3.193359375
3.1953125
3.197265625
3.19921875
3.201171875
3.203125
3.205078125
3.20703125
3.208984375
3.2109375
3.212890625
3.21484375
3.216796875
3.21875
3.220703125
3.22265625
3.224609375
3.2265625
3.228515625
3.23046875
3.232421875
3.234375
3.236328125
3.23828125
3.240234375
3.2421875
3.244140625
3.24609375
3.248046875
3.25
3.251953125
3.25390625
3.255859375
3.2578125
3.259765625
3.26171875
3.263671875
3.265625
3.267578125
3.26953125
3.271484375
3.2734375
3.275390625
3.27734375
3.279296875
3.28125
3.283203125
3.28515625
3.287109375
3.2890625
3.291015625
3.29296875
3.294921875
3.296875
3.298828125
3.30078125
3.302734375
3.3046875
3.306640625
3.30859375
3.310546875
3.3125
3.314453125
3.31640625
3.318359375
3.3203125
3.322265625
3.32421875
3.326171875
3.328125
3.330078125
3.33203125
3.333984375
3.3359375
3.337890625
3.33984375
3.341796875
3.34375
3.345703125
3.34765625
3.349609375
3.3515625
3.353515625
3.35546875
3.357421875
3.359375
3.361328125
3.36328125
3.365234375
3.3671875
3.369140625
3.37109375
3.373046875
3.375
3.376953125
3.37890625
3.380859375
3.3828125
3.384765625
3.38671875
3.388671875
3.390625
3.392578125
3.39453125
3.396484375
3.3984375
3.400390625
3.40234375
3.404296875
3.40625
3.408203125
3.41015625
3.412109375
3.4140625
3.416015625
3.41796875
3.419921875
3.421875
3.423828125
3.42578125
3.427734375
3.4296875
3.431640625
3.43359375
3.435546875
3.4375
3.439453125
3.44140625
3.443359375
3.4453125
3.447265625
3.44921875
3.451171875
3.453125
3.455078125
3.45703125
3.458984375
3.4609375
3.462890625
3.46484375
3.466796875
3.46875
3.470703125
3.47265625
3.474609375
3.4765625
3.478515625
3.48046875
3.482421875
3.484375
3.486328125
3.48828125
3.490234375
3.4921875
3.494140625
3.49609375
3.498046875
3.5
3.501953125
3.50390625
3.505859375
3.5078125
3.509765625
3.51171875
3.513671875
3.515625
3.517578125
3.51953125
3.521484375
3.5234375
3.525390625
3.52734375
3.529296875
3.53125
3.533203125
3.53515625
3.537109375
3.5390625
3.541015625
3.54296875
3.544921875
3.546875
3.548828125
3.55078125
3.552734375
3.5546875
3.556640625
3.55859375
3.560546875
3.5625
3.564453125
3.56640625
3.568359375
3.5703125
3.572265625
3.57421875
3.576171875
3.578125
3.580078125
3.58203125
3.583984375
3.5859375
3.587890625
3.58984375
3.591796875
3.59375
3.595703125
3.59765625
3.599609375
3.6015625
3.603515625
3.60546875
3.607421875
3.609375
3.611328125
3.61328125
3.615234375
3.6171875
3.619140625
3.62109375
3.623046875
3.625
3.626953125
3.62890625
3.630859375
3.6328125
3.634765625
3.63671875
3.638671875
3.640625
3.642578125
3.64453125
3.646484375
3.6484375
3.650390625
3.65234375
3.654296875
3.65625
3.658203125
3.66015625
3.662109375
3.6640625
3.666015625
3.66796875
3.669921875
3.671875
3.673828125
3.67578125
3.677734375
3.6796875
3.681640625
3.68359375
3.685546875
3.6875
3.689453125
3.69140625
3.693359375
3.6953125
3.697265625
3.69921875
3.701171875
3.703125
3.705078125
3.70703125
3.708984375
3.7109375
3.712890625
3.71484375
3.716796875
3.71875
3.720703125
3.72265625
3.724609375
3.7265625
3.728515625
3.73046875
3.732421875
3.734375
3.736328125
3.73828125
3.740234375
3.7421875
3.744140625
3.74609375
3.748046875
3.75
3.751953125
3.75390625
3.755859375
3.7578125
3.759765625
3.76171875
3.763671875
3.765625
3.767578125
3.76953125
3.771484375
3.7734375
3.775390625
3.77734375
3.779296875
3.78125
3.783203125
3.78515625
3.787109375
3.7890625
3.791015625
3.79296875
3.794921875
3.796875
3.798828125
3.80078125
3.802734375
3.8046875
3.806640625
3.80859375
3.810546875
3.8125
3.814453125
3.81640625
3.818359375
3.8203125
3.822265625
3.82421875
3.826171875
3.828125
3.830078125
3.83203125
3.833984375
3.8359375
3.837890625
3.83984375
3.841796875
3.84375
3.845703125
3.84765625
3.849609375
3.8515625
3.853515625
3.85546875
3.857421875
3.859375
3.861328125
3.86328125
3.865234375
3.8671875
3.869140625
3.87109375
3.873046875
3.875
3.876953125
3.87890625
3.880859375
3.8828125
3.884765625
3.88671875
3.888671875
3.890625
3.892578125
3.89453125
3.896484375
3.8984375
3.900390625
3.90234375
3.904296875
3.90625
3.908203125
3.91015625
3.912109375
3.9140625
3.916015625
3.91796875
3.919921875
3.921875
3.923828125
3.92578125
3.927734375
3.9296875
3.931640625
3.93359375
3.935546875
3.9375
3.939453125
3.94140625
3.943359375
3.9453125
3.947265625
3.94921875
3.951171875
3.953125
3.955078125
3.95703125
3.958984375
3.9609375
3.962890625
3.96484375
3.966796875
3.96875
3.970703125
3.97265625
3.974609375
3.9765625
3.978515625
3.98046875
3.982421875
3.984375
3.986328125
3.98828125
3.990234375
3.9921875
3.994140625
3.99609375
3.998046875
4.0
4.001953125
4.00390625
4.005859375
4.0078125
4.009765625
4.01171875
4.013671875
4.015625
4.017578125
4.01953125
4.021484375
4.0234375
4.025390625
4.02734375
4.029296875
4.03125
4.033203125
4.03515625
4.037109375
4.0390625
4.041015625
4.04296875
4.044921875
4.046875
4.048828125
4.05078125
4.052734375
4.0546875
4.056640625
4.05859375
4.060546875
4.0625
4.064453125
4.06640625
4.068359375
4.0703125
4.072265625
4.07421875
4.076171875
4.078125
4.080078125
4.08203125
4.083984375
4.0859375
4.087890625
4.08984375
4.091796875
4.09375
4.095703125
4.09765625
4.099609375
4.1015625
4.103515625
4.10546875
4.107421875
4.109375
4.111328125
4.11328125
4.115234375
4.1171875
4.119140625
4.12109375
4.123046875
4.125
4.126953125
4.12890625
4.130859375
4.1328125
4.134765625
4.13671875
4.138671875
4.140625
4.142578125
4.14453125
4.146484375
4.1484375
4.150390625
4.15234375
4.154296875
4.15625
4.158203125
4.16015625
4.162109375
4.1640625
4.166015625
4.16796875
4.169921875
4.171875
4.173828125
4.17578125
4.177734375
4.1796875
4.181640625
4.18359375
4.185546875
4.1875
4.189453125
4.19140625
4.193359375
4.1953125
4.197265625
4.19921875
4.201171875
4.203125
4.205078125
4.20703125
4.208984375
4.2109375
4.212890625
4.21484375
4.216796875
4.21875
4.220703125
4.22265625
4.224609375
4.2265625
4.228515625
4.23046875
4.232421875
4.234375
4.236328125
4.23828125
4.240234375
4.2421875
4.244140625
4.24609375
4.248046875
4.25
4.251953125
4.25390625
4.255859375
4.2578125
4.259765625
4.26171875
4.263671875
4.265625
4.267578125
4.26953125
4.271484375
4.2734375
4.275390625
4.27734375
4.279296875
4.28125
4.283203125
4.28515625
4.287109375
4.2890625
4.291015625
4.29296875
4.294921875
4.296875
4.298828125
4.30078125
4.302734375
4.3046875
4.306640625
4.30859375
4.310546875
4.3125
4.314453125
4.31640625
4.318359375
4.3203125
4.322265625
4.32421875
4.326171875
4.328125
4.330078125
4.33203125
4.333984375
4.3359375
4.337890625
4.33984375
4.341796875
4.34375
4.345703125
4.34765625
4.349609375
4.3515625
4.353515625
4.35546875
4.357421875
4.359375
4.361328125
4.36328125
4.365234375
4.3671875
4.369140625
4.37109375
4.373046875
4.375
4.376953125
4.37890625
4.380859375
4.3828125
4.384765625
4.38671875
4.388671875
4.390625
4.392578125
4.39453125
4.396484375
4.3984375
4.400390625
4.40234375
4.404296875
4.40625
4.408203125
4.41015625
4.412109375
4.4140625
4.416015625
4.41796875
4.419921875
4.421875
4.423828125
4.42578125
4.427734375
4.4296875
4.431640625
4.43359375
4.435546875
4.4375
4.439453125
4.44140625
4.443359375
4.4453125
4.447265625
4.44921875
4.451171875
4.453125
4.455078125
4.45703125
4.458984375
4.4609375
4.462890625
4.46484375
4.466796875
4.46875
4.470703125
4.47265625
4.474609375
4.4765625
4.478515625
4.48046875
4.482421875
4.484375
4.486328125
4.48828125
4.490234375
4.4921875
4.494140625
4.49609375
4.498046875
4.5
4.501953125
4.50390625
4.505859375
4.5078125
4.509765625
4.51171875
4.513671875
4.515625
4.517578125
4.51953125
4.521484375
4.5234375
4.525390625
4.52734375
4.529296875
4.53125
4.533203125
4.53515625
4.537109375
4.5390625
4.541015625
4.54296875
4.544921875
4.546875
4.548828125
4.55078125
4.552734375
4.5546875
4.556640625
4.55859375
4.560546875
4.5625
4.564453125
4.56640625
4.568359375
4.5703125
4.572265625
4.57421875
4.576171875
4.578125
4.580078125
4.58203125
4.583984375
4.5859375
4.587890625
4.58984375
4.591796875
4.59375
4.595703125
4.59765625
4.599609375
4.6015625
4.603515625
4.60546875
4.607421875
4.609375
4.611328125
4.61328125
4.615234375
4.6171875
4.619140625
4.62109375
4.623046875
4.625
4.626953125
4.62890625
4.630859375
4.6328125
4.634765625
4.63671875
4.638671875
4.640625
4.642578125
4.64453125
4.646484375
4.6484375
4.650390625
4.65234375
4.654296875
4.65625
4.658203125
4.66015625
4.662109375
4.6640625
4.666015625
4.66796875
4.669921875
4.671875
4.673828125
4.67578125
4.677734375
4.6796875
4.681640625
4.68359375
4.685546875
4.6875
4.689453125
4.69140625
4.693359375
4.6953125
4.697265625
4.69921875
4.701171875
4.703125
4.705078125
4.70703125
4.708984375
4.7109375
4.712890625
4.71484375
4.716796875
4.71875
4.720703125
4.72265625
4.724609375
4.7265625
4.728515625
4.73046875
4.732421875
4.734375
4.736328125
4.73828125
4.740234375
4.7421875
4.744140625
4.74609375
4.748046875
4.75
4.751953125
4.75390625
4.755859375
4.7578125
4.759765625
4.76171875
4.763671875
4.765625
4.767578125
4.76953125
4.771484375
4.7734375
4.775390625
4.77734375
4.779296875
4.78125
4.783203125
4.78515625
4.787109375
4.7890625
4.791015625
4.79296875
4.794921875
4.796875
4.798828125
4.80078125
4.802734375
4.8046875
4.806640625
4.80859375
4.810546875
4.8125
4.814453125
4.81640625
4.818359375
4.8203125
4.822265625
4.82421875
4.826171875
4.828125
4.830078125
4.83203125
4.833984375
4.8359375
4.837890625
4.83984375
4.841796875
4.84375
4.845703125
4.84765625
4.849609375
4.8515625
4.853515625
4.85546875
4.857421875
4.859375
4.861328125
4.86328125
4.865234375
4.8671875
4.869140625
4.87109375
4.873046875
4.875
4.876953125
4.87890625
4.880859375
4.8828125
4.884765625
4.88671875
4.888671875
4.890625
4.892578125
4.89453125
4.896484375
4.8984375
4.900390625
4.90234375
4.904296875
4.90625
4.908203125
4.91015625
4.912109375
4.9140625
4.916015625
4.91796875
4.919921875
4.921875
4.923828125
4.92578125
4.927734375
4.9296875
4.931640625
4.93359375
4.935546875
4.9375
4.939453125
4.94140625
4.943359375
4.9453125
4.947265625
4.94921875
4.951171875
4.953125
4.955078125
4.95703125
4.958984375
4.9609375
4.962890625
4.96484375
4.966796875
4.96875
4.970703125
4.97265625
4.974609375
4.9765625
4.978515625
4.98046875
4.982421875
4.984375
4.986328125
4.98828125
4.990234375
4.9921875
4.994140625
4.99609375
4.998046875
5.0
5.001953125
5.00390625
5.005859375
5.0078125
5.009765625
5.01171875
5.013671875
5.015625
5.017578125
5.01953125
5.021484375
5.0234375
5.025390625
5.02734375
5.029296875
5.03125
5.033203125
5.03515625
5.037109375
5.0390625
5.041015625
5.04296875
5.044921875
5.046875
5.048828125
5.05078125
5.052734375
5.0546875
5.056640625
5.05859375
5.060546875
5.0625
5.064453125
5.06640625
5.068359375
5.0703125
5.072265625
5.07421875
5.076171875
5.078125
5.080078125
5.08203125
5.083984375
5.0859375
5.087890625
5.08984375
5.091796875
5.09375
5.095703125
5.09765625
5.099609375
5.1015625
5.103515625
5.10546875
5.107421875
5.109375
5.111328125
5.11328125
5.115234375
5.1171875
5.119140625
5.12109375
5.123046875
5.125
5.126953125
5.12890625
5.130859375
5.1328125
5.134765625
5.13671875
5.138671875
5.140625
5.142578125
5.14453125
5.146484375
5.1484375
5.150390625
5.15234375
5.154296875
5.15625
5.158203125
5.16015625
5.162109375
5.1640625
5.166015625
5.16796875
5.169921875
5.171875
5.173828125
5.17578125
5.177734375
5.1796875
5.181640625
5.18359375
5.185546875
5.1875
5.189453125
5.19140625
5.193359375
5.1953125
5.197265625
5.19921875
5.201171875
5.203125
5.205078125
5.20703125
5.208984375
5.2109375
5.212890625
5.21484375
5.216796875
5.21875
5.220703125
5.22265625
5.224609375
5.2265625
5.228515625
5.23046875
5.232421875
5.234375
5.236328125
5.23828125
5.240234375
5.2421875
5.244140625
5.24609375
5.248046875
5.25
5.251953125
5.25390625
5.255859375
5.2578125
5.259765625
5.26171875
5.263671875
5.265625
5.267578125
5.26953125
5.271484375
5.2734375
5.275390625
5.27734375
5.279296875
5.28125
5.283203125
5.28515625
5.287109375
5.2890625
5.291015625
5.29296875
5.294921875
5.296875
5.298828125
5.30078125
5.302734375
5.3046875
5.306640625
5.30859375
5.310546875
5.3125
5.314453125
5.31640625
5.318359375
5.3203125
5.322265625
5.32421875
5.326171875
5.328125
5.330078125
5.33203125
5.333984375
5.3359375
5.337890625
5.33984375
5.341796875
5.34375
5.345703125
5.34765625
5.349609375
5.3515625
5.353515625
5.35546875
5.357421875
5.359375
5.361328125
5.36328125
5.365234375
5.3671875
5.369140625
5.37109375
5.373046875
5.375
5.376953125
5.37890625
5.380859375
5.3828125
5.384765625
5.38671875
5.388671875
5.390625
5.392578125
5.39453125
5.396484375
5.3984375
5.400390625
5.40234375
5.404296875
5.40625
5.408203125
5.41015625
5.412109375
5.4140625
5.416015625
5.41796875
5.419921875
5.421875
5.423828125
5.42578125
5.427734375
5.4296875
5.431640625
5.43359375
5.435546875
5.4375
5.439453125
5.44140625
5.443359375
5.4453125
5.447265625
5.44921875
5.451171875
5.453125
5.455078125
5.45703125
5.458984375
5.4609375
5.462890625
5.46484375
5.466796875
5.46875
5.470703125
5.47265625
5.474609375
5.4765625
5.478515625
5.48046875
5.482421875
5.484375
5.486328125
5.48828125
5.490234375
5.4921875
5.494140625
5.49609375
5.498046875
5.5
5.501953125
5.50390625
5.505859375
5.5078125
5.509765625
5.51171875
5.513671875
5.515625
5.517578125
5.51953125
5.521484375
5.5234375
5.525390625
5.52734375
5.529296875
5.53125
5.533203125
5.53515625
5.537109375
5.5390625
5.541015625
5.54296875
5.544921875
5.546875
5.548828125
5.55078125
5.552734375
5.5546875
5.556640625
5.55859375
5.560546875
5.5625
5.564453125
5.56640625
5.568359375
5.5703125
5.572265625
5.57421875
5.576171875
5.578125
5.580078125
5.58203125
5.583984375
5.5859375
5.587890625
5.58984375
5.591796875
5.59375
5.595703125
5.59765625
5.599609375
5.6015625
5.603515625
5.60546875
5.607421875
5.609375
5.611328125
5.61328125
5.615234375
5.6171875
5.619140625
5.62109375
5.623046875
5.625
5.626953125
5.62890625
5.630859375
5.6328125
5.634765625
5.63671875
5.638671875
5.640625
5.642578125
5.64453125
5.646484375
5.6484375
5.650390625
5.65234375
5.654296875
5.65625
5.658203125
5.66015625
5.662109375
5.6640625
5.666015625
5.66796875
5.669921875
5.671875
5.673828125
5.67578125
5.677734375
5.6796875
5.681640625
5.68359375
5.685546875
5.6875
5.689453125
5.69140625
5.693359375
5.6953125
5.697265625
5.69921875
5.701171875
5.703125
5.705078125
5.70703125
5.708984375
5.7109375
5.712890625
5.71484375
5.716796875
5.71875
5.720703125
5.72265625
5.724609375
5.7265625
5.728515625
5.73046875
5.732421875
5.734375
5.736328125
5.73828125
5.740234375
5.7421875
5.744140625
5.74609375
5.748046875
5.75
5.751953125
5.75390625
5.755859375
5.7578125
5.759765625
5.76171875
5.763671875
5.765625
5.767578125
5.76953125
5.771484375
5.7734375
5.775390625
5.77734375
5.779296875
5.78125
5.783203125
5.78515625
5.787109375
5.7890625
5.791015625
5.79296875
5.794921875
5.796875
5.798828125
5.80078125
5.802734375
5.8046875
5.806640625
5.80859375
5.810546875
5.8125
5.814453125
5.81640625
5.818359375
5.8203125
5.822265625
5.82421875
5.826171875
5.828125
5.830078125
5.83203125
5.833984375
5.8359375
5.837890625
5.83984375
5.841796875
5.84375
5.845703125
5.84765625
5.849609375
5.8515625
5.853515625
5.85546875
5.857421875
5.859375
5.861328125
5.86328125
5.865234375
5.8671875
5.869140625
5.87109375
5.873046875
5.875
5.876953125
5.87890625
5.880859375
5.8828125
5.884765625
5.88671875
5.888671875
5.890625
5.892578125
5.89453125
5.896484375
5.8984375
5.900390625
5.90234375
5.904296875
5.90625
5.908203125
5.91015625
5.912109375
5.9140625
5.916015625
5.91796875
5.919921875
5.921875
5.923828125
5.92578125
5.927734375
5.9296875
5.931640625
5.93359375
5.935546875
5.9375
5.939453125
5.94140625
5.943359375
5.9453125
5.947265625
5.94921875
5.951171875
5.953125
5.955078125
5.95703125
5.958984375
5.9609375
5.962890625
5.96484375
5.966796875
5.96875
5.970703125
5.97265625
5.974609375
5.9765625
5.978515625
5.98046875
5.982421875
5.984375
5.986328125
5.98828125
5.990234375
5.9921875
5.994140625
5.99609375
5.998046875
6.0
6.001953125
6.00390625
6.005859375
6.0078125
6.009765625
6.01171875
6.013671875
6.015625
6.017578125
6.01953125
6.021484375
6.0234375
6.025390625
6.02734375
6.029296875
6.03125
6.033203125
6.03515625
6.037109375
6.0390625
6.041015625
6.04296875
6.044921875
6.046875
6.048828125
6.05078125
6.052734375
6.0546875
6.056640625
6.05859375
6.060546875
6.0625
6.064453125
6.06640625
6.068359375
6.0703125
6.072265625
6.07421875
6.076171875
6.078125
6.080078125
6.08203125
6.083984375
6.0859375
6.087890625
6.08984375
6.091796875
6.09375
6.095703125
6.09765625
6.099609375
6.1015625
6.103515625
6.10546875
6.107421875
6.109375
6.111328125
6.11328125
6.115234375
6.1171875
6.119140625
6.12109375
6.123046875
6.125
6.126953125
6.12890625
6.130859375
6.1328125
6.134765625
6.13671875
6.138671875
6.140625
6.142578125
6.14453125
6.146484375
6.1484375
6.150390625
6.15234375
6.154296875
6.15625
6.158203125
6.16015625
6.162109375
6.1640625
6.166015625
6.16796875
6.169921875
6.171875
6.173828125
6.17578125
6.177734375
6.1796875
6.181640625
6.18359375
6.185546875
6.1875
6.189453125
6.19140625
6.193359375
6.1953125
6.197265625
6.19921875
6.201171875
6.203125
6.205078125
6.20703125
6.208984375
6.2109375
6.212890625
6.21484375
6.216796875
6.21875
6.220703125
6.22265625
6.224609375
6.2265625
6.228515625
6.23046875
6.232421875
6.234375
6.236328125
6.23828125
6.240234375
6.2421875
6.244140625
6.24609375
6.248046875
6.25
6.251953125
6.25390625
6.255859375
6.2578125
6.259765625
6.26171875
6.263671875
6.265625
6.267578125
6.26953125
6.271484375
6.2734375
6.275390625
6.27734375
6.279296875
6.28125
6.283203125
6.28515625
6.287109375
6.2890625
6.291015625
6.29296875
6.294921875
6.296875
6.298828125
6.30078125
6.302734375
6.3046875
6.306640625
6.30859375
6.310546875
6.3125
6.314453125
6.31640625
6.318359375
6.3203125
6.322265625
6.32421875
6.326171875
6.328125
6.330078125
6.33203125
6.333984375
6.3359375
6.337890625
6.33984375
6.341796875
6.34375
6.345703125
6.34765625
6.349609375
6.3515625
6.353515625
6.35546875
6.357421875
6.359375
6.361328125
6.36328125
6.365234375
6.3671875
6.369140625
6.37109375
6.373046875
6.375
6.376953125
6.37890625
6.380859375
6.3828125
6.384765625
6.38671875
6.388671875
6.390625
6.392578125
6.39453125
6.396484375
6.3984375
6.400390625
6.40234375
6.404296875
6.40625
6.408203125
6.41015625
6.412109375
6.4140625
6.416015625
6.41796875
6.419921875
6.421875
6.423828125
6.42578125
6.427734375
6.4296875
6.431640625
6.43359375
6.435546875
6.4375
6.439453125
6.44140625
6.443359375
6.4453125
6.447265625
6.44921875
6.451171875
6.453125
6.455078125
6.45703125
6.458984375
6.4609375
6.462890625
6.46484375
6.466796875
6.46875
6.470703125
6.47265625
6.474609375
6.4765625
6.478515625
6.48046875
6.482421875
6.484375
6.486328125
6.48828125
6.490234375
6.4921875
6.494140625
6.49609375
6.498046875
6.5
6.501953125
6.50390625
6.505859375
6.5078125
6.509765625
6.51171875
6.513671875
6.515625
6.517578125
6.51953125
6.521484375
6.5234375
6.525390625
6.52734375
6.529296875
6.53125
6.533203125
6.53515625
6.537109375
6.5390625
6.541015625
6.54296875
6.544921875
6.546875
6.548828125
6.55078125
6.552734375
6.5546875
6.556640625
6.55859375
6.560546875
6.5625
6.564453125
6.56640625
6.568359375
6.5703125
6.572265625
6.57421875
6.576171875
6.578125
6.580078125
6.58203125
6.583984375
6.5859375
6.587890625
6.58984375
6.591796875
6.59375
6.595703125
6.59765625
6.599609375
6.6015625
6.603515625
6.60546875
6.607421875
6.609375
6.611328125
6.61328125
6.615234375
6.6171875
6.619140625
6.62109375
6.623046875
6.625
6.626953125
6.62890625
6.630859375
6.6328125
6.634765625
6.63671875
6.638671875
6.640625
6.642578125
6.64453125
6.646484375
6.6484375
6.650390625
6.65234375
6.654296875
6.65625
6.658203125
6.66015625
6.662109375
6.6640625
6.666015625
6.66796875
6.669921875
6.671875
6.673828125
6.67578125
6.677734375
6.6796875
6.681640625
6.68359375
6.685546875
6.6875
6.689453125
6.69140625
6.693359375
6.6953125
6.697265625
6.69921875
6.701171875
6.703125
6.705078125
6.70703125
6.708984375
6.7109375
6.712890625
6.71484375
6.716796875
6.71875
6.720703125
6.72265625
6.724609375
6.7265625
6.728515625
6.73046875
6.732421875
6.734375
6.736328125
6.73828125
6.740234375
6.7421875
6.744140625
6.74609375
6.748046875
6.75
6.751953125
6.75390625
6.755859375
6.7578125
6.759765625
6.76171875
6.763671875
6.765625
6.767578125
6.76953125
6.771484375
6.7734375
6.775390625
6.77734375
6.779296875
6.78125
6.783203125
6.78515625
6.787109375
6.7890625
6.791015625
6.79296875
6.794921875
6.796875
6.798828125
6.80078125
6.802734375
6.8046875
6.806640625
6.80859375
6.810546875
6.8125
6.814453125
6.81640625
6.818359375
6.8203125
6.822265625
6.82421875
6.826171875
6.828125
6.830078125
6.83203125
6.833984375
6.8359375
6.837890625
6.83984375
6.841796875
6.84375
6.845703125
6.84765625
6.849609375
6.8515625
6.853515625
6.85546875
6.857421875
6.859375
6.861328125
6.86328125
6.865234375
6.8671875
6.869140625
6.87109375
6.873046875
6.875
6.876953125
6.87890625
6.880859375
6.8828125
6.884765625
6.88671875
6.888671875
6.890625
6.892578125
6.89453125
6.896484375
6.8984375
6.900390625
6.90234375
6.904296875
6.90625
6.908203125
6.91015625
6.912109375
6.9140625
6.916015625
6.91796875
6.919921875
6.921875
6.923828125
6.92578125
6.927734375
6.9296875
6.931640625
6.93359375
6.935546875
6.9375
6.939453125
6.94140625
6.943359375
6.9453125
6.947265625
6.94921875
6.951171875
6.953125
6.955078125
6.95703125
6.958984375
6.9609375
6.962890625
6.96484375
6.966796875
6.96875
6.970703125
6.97265625
6.974609375
6.9765625
6.978515625
6.98046875
6.982421875
6.984375
6.986328125
6.98828125
6.990234375
6.9921875
6.994140625
6.99609375
6.998046875
7.0
7.001953125
7.00390625
7.005859375
7.0078125
7.009765625
7.01171875
7.013671875
7.015625
7.017578125
7.01953125
7.021484375
7.0234375
7.025390625
7.02734375
7.029296875
7.03125
7.033203125
7.03515625
7.037109375
7.0390625
7.041015625
7.04296875
7.044921875
7.046875
7.048828125
7.05078125
7.052734375
7.0546875
7.056640625
7.05859375
7.060546875
7.0625
7.064453125
7.06640625
7.068359375
7.0703125
7.072265625
7.07421875
7.076171875
7.078125
7.080078125
7.08203125
7.083984375
7.0859375
7.087890625
7.08984375
7.091796875
7.09375
7.095703125
7.09765625
7.099609375
7.1015625
7.103515625
7.10546875
7.107421875
7.109375
7.111328125
7.11328125
7.115234375
7.1171875
7.119140625
7.12109375
7.123046875
7.125
7.126953125
7.12890625
7.130859375
7.1328125
7.134765625
7.13671875
7.138671875
7.140625
7.142578125
7.14453125
7.146484375
7.1484375
7.150390625
7.15234375
7.154296875
7.15625
7.158203125
7.16015625
7.162109375
7.1640625
7.166015625
7.16796875
7.169921875
7.171875
7.173828125
7.17578125
7.177734375
7.1796875
7.181640625
7.18359375
7.185546875
7.1875
7.189453125
7.19140625
7.193359375
7.1953125
7.197265625
7.19921875
7.201171875
7.203125
7.205078125
7.20703125
7.208984375
7.2109375
7.212890625
7.21484375
7.216796875
7.21875
7.220703125
7.22265625
7.224609375
7.2265625
7.228515625
7.23046875
7.232421875
7.234375
7.236328125
7.23828125
7.240234375
7.2421875
7.244140625
7.24609375
7.248046875
7.25
7.251953125
7.25390625
7.255859375
7.2578125
7.259765625
7.26171875
7.263671875
7.265625
7.267578125
7.26953125
7.271484375
7.2734375
7.275390625
7.27734375
7.279296875
7.28125
7.283203125
7.28515625
7.287109375
7.2890625
7.291015625
7.29296875
7.294921875
7.296875
7.298828125
7.30078125
7.302734375
7.3046875
7.306640625
7.30859375
7.310546875
7.3125
7.314453125
7.31640625
7.318359375
7.3203125
7.322265625
7.32421875
7.326171875
7.328125
7.330078125
7.33203125
7.333984375
7.3359375
7.337890625
7.33984375
7.341796875
7.34375
7.345703125
7.34765625
7.349609375
7.3515625
7.353515625
7.35546875
7.357421875
7.359375
7.361328125
7.36328125
7.365234375
7.3671875
7.369140625
7.37109375
7.373046875
7.375
7.376953125
7.37890625
7.380859375
7.3828125
7.384765625
7.38671875
7.388671875
7.390625
7.392578125
7.39453125
7.396484375
7.3984375
7.400390625
7.40234375
7.404296875
7.40625
7.408203125
7.41015625
7.412109375
7.4140625
7.416015625
7.41796875
7.419921875
7.421875
7.423828125
7.42578125
7.427734375
7.4296875
7.431640625
7.43359375
7.435546875
7.4375
7.439453125
7.44140625
7.443359375
7.4453125
7.447265625
7.44921875
7.451171875
7.453125
7.455078125
7.45703125
7.458984375
7.4609375
7.462890625
7.46484375
7.466796875
7.46875
7.470703125
7.47265625
7.474609375
7.4765625
7.478515625
7.48046875
7.482421875
7.484375
7.486328125
7.48828125
7.490234375
7.4921875
7.494140625
7.49609375
7.498046875
7.5
7.501953125
7.50390625
7.505859375
7.5078125
7.509765625
7.51171875
7.513671875
7.515625
7.517578125
7.51953125
7.521484375
7.5234375
7.525390625
7.52734375
7.529296875
7.53125
7.533203125
7.53515625
7.537109375
7.5390625
7.541015625
7.54296875
7.544921875
7.546875
7.548828125
7.55078125
7.552734375
7.5546875
7.556640625
7.55859375
7.560546875
7.5625
7.564453125
7.56640625
7.568359375
7.5703125
7.572265625
7.57421875
7.576171875
7.578125
7.580078125
7.58203125
7.583984375
7.5859375
7.587890625
7.58984375
7.591796875
7.59375
7.595703125
7.59765625
7.599609375
7.6015625
7.603515625
7.60546875
7.607421875
7.609375
7.611328125
7.61328125
7.615234375
7.6171875
7.619140625
7.62109375
7.623046875
7.625
7.626953125
7.62890625
7.630859375
7.6328125
7.634765625
7.63671875
7.638671875
7.640625
7.642578125
7.64453125
7.646484375
7.6484375
7.650390625
7.65234375
7.654296875
7.65625
7.658203125
7.66015625
7.662109375
7.6640625
7.666015625
7.66796875
7.669921875
7.671875
7.673828125
7.67578125
7.677734375
7.6796875
7.681640625
7.68359375
7.685546875
7.6875
7.689453125
7.69140625
7.693359375
7.6953125
7.697265625
7.69921875
7.701171875
7.703125
7.705078125
7.70703125
7.708984375
7.7109375
7.712890625
7.71484375
7.716796875
7.71875
7.720703125
7.72265625
7.724609375
7.7265625
7.728515625
7.73046875
7.732421875
7.734375
7.736328125
7.73828125
7.740234375
7.7421875
7.744140625
7.74609375
7.748046875
7.75
7.751953125
7.75390625
7.755859375
7.7578125
7.759765625
7.76171875
7.763671875
7.765625
7.767578125
7.76953125
7.771484375
7.7734375
7.775390625
7.77734375
7.779296875
7.78125
7.783203125
7.78515625
7.787109375
7.7890625
7.791015625
7.79296875
7.794921875
7.796875
7.798828125
7.80078125
7.802734375
7.8046875
7.806640625
7.80859375
7.810546875
7.8125
7.814453125
7.81640625
7.818359375
7.8203125
7.822265625
7.82421875
7.826171875
7.828125
7.830078125
7.83203125
7.833984375
7.8359375
7.837890625
7.83984375
7.841796875
7.84375
7.845703125
7.84765625
7.849609375
7.8515625
7.853515625
7.85546875
7.857421875
7.859375
7.861328125
7.86328125
7.865234375
7.8671875
7.869140625
7.87109375
7.873046875
7.875
7.876953125
7.87890625
7.880859375
7.8828125
7.884765625
7.88671875
7.888671875
7.890625
7.892578125
7.89453125
7.896484375
7.8984375
7.8999999999999435
7.9
7.900000000000057
7.900390625
7.900781249999943
7.901562499999828
7.90234375
7.904296875
7.90625
7.908203125
7.91015625
7.912109375
7.9140625
7.916015625
7.91796875
7.919921875
7.921875
7.923828125
7.92578125
7.927734375
7.9296875
7.931640625
7.93359375
7.935546875
7.9375
7.939453125
7.94140625
7.943359375
7.9453125
7.947265625
7.94921875
7.951171875
7.953125
7.955078125
7.95703125
7.958984375
7.9609375
7.962890625
7.96484375
7.966796875
7.96875
7.970703125
7.97265625
7.974609375
7.9765625
7.978515625
7.98046875
7.982421875
7.984375
7.986328125
7.98828125
7.990234375
7.9921875
7.994140625
7.99609375
7.998046875
8.0
8.001953125
8.00390625
8.005859375
8.0078125
8.009765625
8.01171875
8.013671875
8.015625
8.017578125
8.01953125
8.021484375
8.0234375
8.025390625
8.02734375
8.029296875
8.03125
8.033203125
8.03515625
8.037109375
8.0390625
8.041015625
8.04296875
8.044921875
8.046875
8.048828125
8.05078125
8.052734375
8.0546875
8.056640625
8.05859375
8.060546875
8.0625
8.064453125
8.06640625
8.068359375
8.0703125
8.072265625
8.07421875
8.076171875
8.078125
8.080078125
8.08203125
8.083984375
8.0859375
8.087890625
8.08984375
8.091796875
8.09375
8.095703125
8.09765625
8.099609375
8.1015625
8.103515625
8.10546875
8.107421875
8.109375
8.111328125
8.11328125
8.115234375
8.1171875
8.119140625
8.12109375
8.123046875
8.125
8.126953125
8.12890625
8.130859375
8.1328125
8.134765625
8.13671875
8.138671875
8.140625
8.142578125
8.14453125
8.146484375
8.1484375
8.150390625
8.15234375
8.154296875
8.15625
8.158203125
8.16015625
8.162109375
8.1640625
8.166015625
8.16796875
8.169921875
8.171875
8.173828125
8.17578125
8.177734375
8.1796875
8.181640625
8.18359375
8.185546875
8.1875
8.189453125
8.19140625
8.193359375
8.1953125
8.197265625
8.19921875
8.201171875
8.203125
8.205078125
8.20703125
8.208984375
8.2109375
8.212890625
8.21484375
8.216796875
8.21875
8.220703125
8.22265625
8.224609375
8.2265625
8.228515625
8.23046875
8.232421875
8.234375
8.236328125
8.23828125
8.240234375
8.2421875
8.244140625
8.24609375
8.248046875
8.25
8.251953125
8.25390625
8.255859375
8.2578125
8.259765625
8.26171875
8.263671875
8.265625
8.267578125
8.26953125
8.271484375
8.2734375
8.275390625
8.27734375
8.279296875
8.28125
8.283203125
8.28515625
8.287109375
8.2890625
8.291015625
8.29296875
8.294921875
8.296875
8.298828125
8.30078125
8.302734375
8.3046875
8.306640625
8.30859375
8.310546875
8.3125
8.314453125
8.31640625
8.318359375
8.3203125
8.322265625
8.32421875
8.326171875
8.328125
8.330078125
8.33203125
8.333984375
8.3359375
8.337890625
8.33984375
8.341796875
8.34375
8.345703125
8.34765625
8.349609375
8.3515625
8.353515625
8.35546875
8.357421875
8.359375
8.361328125
8.36328125
8.365234375
8.3671875
8.369140625
8.37109375
8.373046875
8.375
8.376953125
8.37890625
8.380859375
8.3828125
8.384765625
8.38671875
8.388671875
8.390625
8.392578125
8.39453125
8.396484375
8.3984375
8.400390625
8.40234375
8.404296875
8.40625
8.408203125
8.41015625
8.412109375
8.4140625
8.416015625
8.41796875
8.419921875
8.421875
8.423828125
8.42578125
8.427734375
8.4296875
8.431640625
8.43359375
8.435546875
8.4375
8.439453125
8.44140625
8.443359375
8.4453125
8.447265625
8.44921875
8.451171875
8.453125
8.455078125
8.45703125
8.458984375
8.4609375
8.462890625
8.46484375
8.466796875
8.46875
8.470703125
8.47265625
8.474609375
8.4765625
8.478515625
8.48046875
8.482421875
8.484375
8.486328125
8.48828125
8.490234375
8.4921875
8.494140625
8.4954
